200 3008992 0
200 3009816 0
200 3010548 0
200 3011296 0
200 3012040 0
200 3012784 0
200 3013520 0
200 3014268 0
200 3015012 0
200 3015760 0
200 3016876 0
200 3018148 0
200 3019424 0
200 3021804 0
200 3023080 0
200 3024352 0
200 3025628 0
200 3026904 0
200 3028200 0
200 3029452 0
200 3030728 0
200 3032004 83
200 3033364 83
200 3034724 83
200 3036084 83
200 3037444 83
200 3038804 83
200 3040164 99
200 3041524 99
200 3042884 99
200 3044244 99
200 3045604 99
200 3046964 109
200 3048408 109
200 3049852 109
200 3051300 109
200 3052744 109
200 3054188 117
200 3055640 117
200 3057080 117
200 3058524 117
200 3059968 123
200 3061416 123
200 3062860 123
200 3064304 123
200 3065748 129
200 3067192 129
200 3068648 129
200 3070084 129
200 3071544 133
200 3072972 133
200 3074420 133
200 3075864 133
200 3077308 137
200 3078752 137
200 3080212 137
200 3081644 137
200 3083088 140
200 3084532 140
200 3085980 140
200 3087424 140
200 3088868 144
200 3090312 144
200 3091764 144
200 3093204 144
200 3094648 158
200 3096092 158
200 3097540 158
200 3098984 158
200 3100428 165
200 3101872 165
200 3103320 165
200 3104764 165
200 3106208 171
200 3107664 171
200 3109100 171
200 3110544 175
200 3111988 175
200 3113432 175
200 3114880 175
200 3116324 178
200 3117768 178
200 3119212 178
200 3120660 178
200 3122116 180
200 3123548 180
200 3124996 180
200 3126444 183
200 3127884 183
200 3129328 183
200 3130772 183
200 3132220 184
200 3133664 184
200 3135108 184
200 3136552 184
200 3138000 186
200 3139456 186
200 3140888 186
200 3142332 187
200 3143780 187
200 3145252 187
200 3146668 187
200 3148116 188
200 3149560 188
200 3151004 188
200 3152448 189
200 3153892 189
200 3155340 189
200 3156784 189
200 3158228 189
200 3159672 189
200 3161124 189
200 3162564 189
200 3164008 190
200 3165464 190
200 3166904 190
200 3168344 191
200 3169788 191
200 3171232 191
200 3172680 191
200 3174124 191
200 3175568 191
200 3177012 191
200 3178460 192
200 3179908 192
200 3181348 192
200 3182792 192
200 3184240 192
200 3185692 192
200 3187128 192
200 3188572 192
200 3190020 192
200 3191464 192
200 3192908 192
200 3194352 193
200 3195800 193
200 3197244 193
200 3198688 193
200 3200140 193
200 3201588 193
200 3203024 193
200 3204468 193
200 3205916 193
200 3207360 193
200 3208804 193
200 3210256 194
200 3211692 194
200 3213140 194
200 3214584 194
200 3216028 194
200 3217476 194
200 3218920 194
200 3220364 194
200 3221808 194
200 3223252 194
200 3224700 194
200 3226152 194
200 3227588 194
200 3229032 194
200 3230480 194
200 3231924 194
200 3233368 194
200 3234812 194
200 3236260 194
200 3237704 194
200 3239148 194
200 3240596 195
200 3242040 195
200 3243484 195
200 3244928 195
200 3246372 195
200 3247820 195
200 3249264 195
200 3250708 195
200 3252156 195
200 3253600 195
200 3255044 195
200 3256488 195
200 3257932 195
200 3259380 195
200 3260824 195
200 3262268 195
200 3263744 195
200 3265164 195
200 3266604 195
200 3268048 195
200 3269496 195
200 3270940 195
200 3272384 195
200 3273828 195
200 3275272 195
200 3276720 195
200 3278164 195
200 3279608 195
200 3281052 195
200 3282500 195
200 3283944 195
200 3285388 195
200 3286832 195
200 3288280 195
200 3289724 195
200 3291188 195
200 3292612 195
200 3294060 195
200 3295504 195
200 3296948 195
200 3298392 195
200 3299840 195
200 3301284 195
200 3302728 195
200 3304172 195
200 3305620 195
200 3307064 195
200 3308508 195
200 3309952 195
200 3311400 195
200 3312848 195
200 3314288 195
200 3315740 195
200 3317180 195
200 3318624 195
200 3320068 195
200 3321512 195
200 3322960 195
200 3324404 195
200 3325856 195
200 3327292 195
200 3328740 195
200 3330184 195
200 3331628 195
200 3333076 195
200 3334520 195
200 3335964 195
200 3337408 195
200 3338852 195
200 3340304 195
200 3341744 195
200 3343188 195
200 3344632 195
200 3346080 195
200 3347524 195
200 3348968 195
200 3350412 195
200 3351860 195
200 3353304 195
200 3354748 195
200 3356192 195
200 3357640 195
200 3359092 195
200 3360528 195
200 3361972 195
200 3363420 195
200 3364872 195
200 3366308 195
200 3367752 195
200 3369200 195
200 3370644 195
200 3372088 195
200 3373532 195
200 3374984 195
200 3376424 195
200 3377884 195
200 3379312 195
200 3380760 195
200 3382204 195
200 3383648 195
200 3385096 195
200 3386540 195
200 3387988 195
200 3389428 195
200 3390872 195
200 3392320 195
200 3393764 195
200 3395208 195
200 3396652 195
200 3398100 195
200 3399544 196
200 3400996 196
200 3402432 196
200 3403880 196
200 3405348 196
200 3406768 196
200 3408212 196
200 3409660 196
200 3411104 196
200 3412548 196
200 3413992 196
200 3415440 196
200 3416884 196
200 3418328 196
200 3419772 196
200 3421224 196
200 3422664 196
200 3424108 196
200 3425552 196
200 3427000 196
200 3428444 196
200 3429888 196
200 3431332 196
200 3432780 196
200 3434224 196
200 3435668 196
200 3437112 196
200 3438560 196
200 3440004 196
200 3441448 196
200 3442892 196
200 3444352 196
200 3445788 196
200 3447228 196
200 3448672 196
200 3450120 196
200 3451564 196
200 3453008 196
200 3454452 196
200 3455900 196
200 3457344 196
200 3458788 196
200 3460232 196
200 3461680 196
200 3463124 196
200 3464568 196
200 3466016 196
200 3467460 196
200 3468904 196
200 3470356 196
200 3471792 196
200 3473240 196
200 3474684 196
200 3476128 196
200 3477572 196
200 3479020 196
200 3480464 196
200 3481908 196
200 3483356 196
200 3484800 196
200 3486252 196
200 3487696 196
200 3489136 196
200 3490580 196
200 3492024 196
200 3493468 196
200 3494920 196
200 3496360 196
200 3497804 196
200 3499248 196
200 3500692 196
200 3502140 196
200 3503584 196
200 3505028 196
200 3506472 196
200 3507920 196
200 3509364 196
200 3510808 196
200 3512256 196
200 3513700 196
200 3515144 196
200 3516588 196
200 3518036 196
200 3519480 196
200 3520924 196
200 3522368 196
200 3523824 196
200 3525260 196
200 3526704 196
200 3528148 196
200 3529592 196
200 3531040 196
200 3532484 196
200 3533928 196
200 3535372 196
200 3536820 196
200 3538264 196
200 3539708 196
200 3541152 196
200 3542600 196
200 3544044 196
200 3545488 196
200 3546932 196
200 3548380 196
200 3549824 196
200 3551272 196
200 3552712 196
200 3554160 196
200 3555604 196
200 3557048 196
200 3558492 196
200 3559940 196
200 3561384 196
200 3562828 196
200 3564272 196
200 3565720 196
200 3567164 196
200 3568608 196
200 3570056 196
200 3571500 196
200 3572944 196
200 3574388 196
200 3575840 196
200 3577280 196
200 3578724 196
200 3580168 196
200 3581612 196
200 3583060 196
200 3584504 196
200 3585948 196
200 3587396 196
200 3588840 196
200 3590284 196
200 3591728 196
200 3593172 196
200 3594620 196
200 3596064 196
200 3597508 196
200 3598956 196
200 3600404 196
200 3601844 196
200 3603288 196
200 3604732 196
200 3606180 196
200 3607624 196
200 3609068 196
200 3610516 196
200 3611960 196
200 3613404 196
200 3614848 196
200 3616292 196
200 3617740 196
200 3619184 196
200 3620628 196
200 3622072 196
200 3623520 196
200 3624972 196
200 3626408 196
200 3627856 196
200 3629300 196
200 3630744 196
200 3632188 196
200 3633644 196
200 3635080 196
200 3636524 196
200 3637968 196
200 3639416 196
200 3640860 196
200 3642304 196
200 3643748 196
200 3645192 196
200 3646640 196
200 3648084 196
200 3649528 196
200 3650972 196
200 3652420 196
200 3653864 196
200 3655308 196
200 3656752 196
200 3658200 196
200 3659644 196
200 3661088 196
200 3662532 196
200 3663980 197
200 3665424 197
200 3666900 197
200 3668312 197
200 3669760 197
200 3671204 197
200 3672648 197
200 3674092 197
200 3675540 197
200 3676984 197
200 3678444 197
200 3679876 197
200 3681320 197
200 3682764 197
200 3684208 196
200 3685652 196
200 3687100 196
200 3688544 196
200 3689988 196
200 3691436 196
200 3692880 196
200 3694324 196
200 3695768 196
200 3697216 196
200 3698660 196
200 3700104 196
200 3701548 196
200 3702996 196
200 3704440 196
200 3705892 196
200 3707328 196
200 3708772 196
200 3710220 196
200 3711664 196
200 3713108 196
200 3714552 196
200 3716000 196
200 3717444 196
200 3718888 196
200 3720332 196
200 3721780 196
200 3723224 196
200 3724668 196
200 3726112 196
200 3727560 196
200 3729004 196
200 3730456 196
200 3731896 196
200 3733340 196
200 3734784 196
200 3736228 196
200 3737672 196
200 3739120 196
200 3740564 196
200 3742016 196
200 3743452 196
200 3744900 196
200 3746344 196
200 3747788 196
200 3749232 196
200 3750680 196
200 3752124 196
200 3753568 196
200 3755020 196
200 3756460 196
200 3757904 196
200 3759348 196
200 3760796 196
200 3762240 196
200 3763684 196
200 3765128 196
200 3766572 196
200 3768020 196
200 3769464 196
200 3770908 196
200 3772356 196
200 3773800 196
200 3775244 196
200 3776688 196
200 3778132 196
200 3779580 196
200 3781024 196
200 3782468 196
200 3783912 196
200 3785360 196
200 3786804 196
200 3788248 196
200 3789696 196
200 3791140 196
200 3792584 196
200 3794028 196
200 3795472 196
200 3796928 196
200 3798364 196
200 3799808 196
200 3801256 196
200 3802700 196
200 3804144 196
200 3805588 196
200 3807032 196
200 3808480 196
200 3809924 196
200 3811368 196
200 3812812 196
200 3814260 196
200 3815704 196
200 3817148 196
200 3818592 196
200 3820040 196
200 3821484 196
200 3822928 196
200 3824376 196
200 3825820 196
200 3827264 196
200 3828708 196
200 3830152 196
200 3831600 196
200 3833044 196
200 3834488 196
200 3835940 196
200 3837380 196
200 3838824 196
200 3840268 196
200 3841716 196
200 3843160 196
200 3844604 196
200 3846048 196
200 3847492 196
200 3848948 196
200 3850384 196
200 3851828 196
200 3853272 196
200 3854720 196
200 3856164 196
200 3857608 196
200 3859052 196
200 3860504 196
200 3861944 196
200 3863388 196
200 3864832 196
200 3866280 196
200 3867732 196
200 3869168 196
200 3870612 196
200 3872060 196
200 3873504 196
200 3874948 196
200 3876392 196
200 3877840 196
200 3879284 196
200 3880728 196
200 3882176 196
200 3883620 196
200 3885068 196
200 3886508 196
200 3887952 196
200 3889400 196
200 3890844 196
200 3892288 196
200 3893744 196
200 3895180 196
200 3896624 196
200 3898068 196
200 3899512 196
200 3900960 196
200 3902408 196
200 3903848 196
200 3905296 196
200 3906740 196
200 3908184 196
200 3909628 196
200 3911072 196
200 3912520 196
200 3913964 196
200 3915412 196
200 3916852 196
200 3918300 196
200 3919744 196
200 3921188 196
200 3922632 196
200 3924080 196
200 3925524 196
200 3926996 196
200 3928412 196
200 3929860 196
200 3931304 196
200 3932748 196
200 3934192 196
200 3935640 196
200 3937084 196
200 3938528 196
200 3939972 196
200 3941420 196
200 3942864 196
200 3944308 196
200 3945752 196
200 3947200 196
200 3948644 196
200 3950088 196
200 3951532 196
200 3952980 196
200 3954424 196
200 3955872 196
200 3957312 196
200 3958760 196
200 3960204 196
200 3961648 196
200 3963092 196
200 3964540 196
200 3965988 196
200 3967428 196
200 3968872 196
200 3970320 196
200 3971764 196
200 3973208 196
200 3974652 196
200 3976100 196
200 3977544 196
200 3978988 196
200 3980440 196
200 3981880 196
200 3983324 196
200 3984768 196
200 3986212 196
200 3987660 196
200 3989104 196
200 3990560 196
200 3991992 196
200 3993440 196
200 3994884 196
200 3996328 196
200 3997772 196
200 3999220 196
200 4000664 196
200 4002108 196
200 4003556 196
200 4005000 196
200 4006444 196
200 4007888 196
200 4009332 196
200 4010780 196
200 4012224 196
200 4013668 196
200 4015120 196
200 4016560 196
200 4018004 196
200 4019448 196
200 4020892 196
200 4022368 196
200 4023784 196
200 4025228 196
200 4026672 196
200 4028120 196
200 4029564 196
200 4031008 196
200 4032452 196
200 4033900 196
200 4035344 196
200 4036788 196
200 4038236 196
200 4039684 196
200 4041128 196
200 4042568 196
200 4044012 196
200 4045460 196
200 4046904 196
200 4048348 196
200 4049792 196
200 4051240 196
200 4052684 196
200 4054128 196
200 4055572 196
200 4057020 196
200 4058464 196
200 4059908 196
200 4061352 196
200 4062800 196
200 4064248 196
200 4065688 196
200 4067132 196
200 4068580 196
200 4070024 196
200 4071468 196
200 4072912 196
200 4074360 196
200 4075816 196
200 4077252 196
200 4078692 196
200 4080140 196
200 4081584 196
200 4083028 196
200 4084472 196
200 4085920 196
200 4087364 196
200 4088808 196
200 4090256 196
200 4091700 196
200 4093144 196
200 4094588 196
200 4096040 196
200 4097480 196
200 4098924 196
200 4100368 196
200 4101812 196
200 4103260 196
200 4104704 196
200 4106148 196
200 4107596 196
200 4109040 196
200 4110484 196
200 4111928 196
200 4113372 196
200 4114820 196
200 4116264 196
200 4117724 196
200 4119160 196
200 4120604 196
200 4122044 196
200 4123488 196
200 4124932 196
200 4126380 196
200 4127824 196
200 4129268 196
200 4130720 196
200 4132160 196
200 4133604 196
200 4135048 196
200 4136492 196
200 4137940 196
200 4139384 196
200 4140828 196
200 4142272 196
200 4143724 196
200 4145172 196
200 4146608 196
200 4148052 196
200 4149500 196
200 4150944 196
200 4152388 196
200 4153832 196
200 4155280 196
200 4156724 196
200 4158168 196
200 4159612 196
200 4161060 196
200 4162504 196
200 4163948 196
200 4165392 196
200 4166840 196
200 4168284 196
200 4169736 196
200 4171172 196
200 4172620 196
200 4174064 196
200 4175508 196
200 4176952 196
200 4178400 196
200 4179844 196
200 4181288 196
200 4182732 196
200 4184180 196
200 4185624 196
200 4187076 196
200 4188536 196
200 4189960 196
200 4191404 196
200 4192848 196
200 4194292 196
200 4195740 196
200 4197184 196
200 4198628 196
200 4200072 196
200 4201520 196
200 4202964 196
200 4204408 196
200 4205852 196
200 4207300 196
200 4208744 196
200 4210188 196
200 4211632 196
200 4213080 196
200 4214524 196
200 4215968 196
200 4217412 196
200 4218860 196
200 4220304 196
200 4221748 196
200 4223192 196
200 4224640 196
200 4226088 196
200 4227528 196
200 4228972 196
200 4230420 196
200 4231864 196
200 4233308 196
200 4234752 196
200 4236200 196
200 4237644 196
200 4239096 196
200 4240536 196
200 4241980 196
200 4243424 196
200 4244868 196
200 4246312 196
200 4247760 196
200 4249204 196
200 4250656 196
200 4252096 196
200 4253540 196
200 4254984 196
200 4256428 196
200 4257872 196
200 4259320 196
200 4260764 196
200 4262208 196
200 4263652 196
200 4265108 196
200 4266544 196
200 4267988 196
200 4269432 196
200 4270880 196
200 4272324 196
200 4273768 196
200 4275220 196
200 4276660 196
200 4278104 196
200 4279548 196
200 4280992 196
200 4282460 196
200 4283884 196
200 4285328 196
200 4286772 196
200 4288220 196
200 4289664 196
200 4291108 196
200 4292556 196
200 4294000 196
200 4295444 196
200 4296888 196
200 4298332 196
200 4299800 196
200 4301224 196
200 4302668 196
200 4304112 196
200 4305588 196
200 4307004 196
200 4308448 196
200 4309896 196
200 4311340 196
200 4312784 196
200 4314228 196
200 4315672 196
200 4317120 196
200 4318564 196
200 4320008 196
200 4321452 196
200 4322900 196
200 4324344 196
200 4325788 196
200 4327232 196
200 4328680 196
200 4330124 196
200 4331568 196
200 4333016 196
200 4334460 196
200 4335904 196
200 4337348 196
200 4338792 196
200 4340240 196
200 4341684 196
200 4343128 196
200 4344572 196
200 4346020 196
200 4347464 196
200 4348908 196
200 4350356 196
200 4351800 196
200 4353244 196
200 4354688 196
200 4356136 196
200 4357580 196
200 4359024 196
200 4360468 196
200 4361924 196
200 4363368 196
200 4364804 196
200 4366248 196
200 4367692 196
200 4369140 196
200 4370584 196
200 4372028 196
200 4373472 196
200 4374920 196
200 4376364 196
200 4377808 196
200 4379252 196
200 4380704 196
200 4382144 196
200 4383588 196
200 4385032 196
200 4386480 197
200 4387924 197
200 4389368 197
200 4390812 197
200 4392260 196
200 4393704 196
200 4395148 196
200 4396592 196
200 4398040 196
200 4399484 196
200 4400928 196
200 4402376 196
200 4403820 196
200 4405268 196
200 4406708 196
200 4408152 196
200 4409600 196
200 4411044 196
200 4412488 196
200 4413936 196
200 4415380 196
200 4416824 196
200 4418268 196
200 4419716 196
200 4421160 196
200 4422604 196
200 4424080 196
200 4425492 196
200 4426940 196
200 4428384 196
200 4429836 196
200 4431276 196
200 4432720 196
200 4434164 196
200 4435608 196
200 4437052 196
200 4438508 196
200 4439944 196
200 4441388 196
200 4442832 196
200 4444280 196
200 4445724 196
200 4447168 196
200 4448624 196
200 4450060 196
200 4451504 196
200 4452948 196
200 4454392 196
200 4455840 196
200 4457284 196
200 4458728 196
200 4460172 196
200 4461620 196
200 4463064 196
200 4464508 196
200 4465956 196
200 4467412 196
200 4468844 196
200 4470288 196
200 4471732 196
200 4473180 196
200 4474624 196
200 4476068 196
200 4477516 196
200 4478960 196
200 4480404 196
200 4481848 196
200 4483292 196
200 4484740 196
200 4486184 196
200 4487628 196
200 4489072 196
200 4490520 196
200 4491964 196
200 4493408 196
200 4494852 196
200 4496300 196
200 4497744 196
200 4499188 196
200 4500632 196
200 4502080 196
200 4503524 196
200 4504968 196
200 4506412 196
200 4507860 196
200 4509304 196
200 4510756 196
200 4512192 196
200 4513640 196
200 4515084 196
200 4516528 196
200 4517972 196
200 4519420 196
200 4520864 196
200 4522308 196
200 4523752 196
200 4525200 196
200 4526644 196
200 4528088 196
200 4529532 196
200 4530980 196
200 4532424 196
200 4533868 196
200 4535320 196
200 4536760 196
200 4538204 196
200 4539648 196
200 4541092 196
200 4542544 196
200 4543996 196
200 4545428 196
200 4546872 196
200 4548320 196
200 4549764 196
200 4551208 196
200 4552652 196
200 4554100 196
200 4555544 196
200 4556988 196
200 4558432 196
200 4559884 196
200 4561324 196
200 4562768 196
200 4564212 196
200 4565688 196
200 4567104 196
200 4568548 196
200 4569996 196
200 4571440 196
200 4572884 196
200 4574328 196
200 4575772 196
200 4577220 196
200 4578664 196
200 4580108 196
200 4581556 196
200 4583000 196
200 4584444 196
200 4585888 196
200 4587344 196
200 4588780 196
200 4590224 196
200 4591668 196
200 4593112 196
200 4594560 196
200 4596004 196
200 4597448 196
200 4598892 196
200 4600340 196
200 4601784 196
200 4603228 196
200 4604672 196
200 4606120 196
200 4607564 196
200 4609008 196
200 4610452 196
200 4611900 196
200 4613344 196
200 4614788 196
200 4616232 196
200 4617680 196
200 4619124 196
200 4620568 196
200 4622012 196
200 4623460 196
200 4624904 196
200 4626348 196
200 4627792 196
200 4629240 196
200 4630684 196
200 4632128 196
200 4633572 196
200 4635020 196
200 4636464 196
200 4637908 196
200 4639352 196
200 4640804 196
200 4642244 196
200 4643688 196
200 4645132 196
200 4646580 196
200 4648024 196
200 4649468 196
200 4650928 196
200 4652360 196
200 4653804 196
200 4655248 196
200 4656696 196
200 4658140 196
200 4659584 196
200 4661028 196
200 4662476 196
200 4663920 196
200 4665368 196
200 4666808 196
200 4668256 196
200 4669700 196
200 4671144 196
200 4672588 196
200 4674044 196
200 4675480 196
200 4676924 196
200 4678368 196
200 4679816 196
200 4681260 196
200 4682704 196
200 4684168 196
200 4685592 196
200 4687040 196
200 4688484 196
200 4689936 196
200 4691372 196
200 4692828 196
200 4694264 196
200 4695708 196
200 4697152 196
200 4698600 196
200 4700044 196
200 4701488 196
200 4702932 196
200 4704380 196
200 4705824 196
200 4707268 196
200 4708712 196
200 4710160 196
200 4711604 196
200 4713048 196
200 4714492 196
200 4715940 196
200 4717384 196
200 4718836 196
200 4720272 196
200 4721720 196
200 4723164 196
200 4724608 196
200 4726052 196
200 4727500 196
200 4728944 196
200 4730388 196
200 4731832 196
200 4733280 196
200 4734724 196
200 4736168 196
200 4737612 196
200 4739060 196
200 4740504 196
200 4741948 196
200 4743396 196
200 4744840 196
200 4746284 196
200 4747728 196
200 4749172 196
200 4750620 196
200 4752064 196
200 4753508 196
200 4754952 196
200 4756400 196
200 4757844 196
200 4759288 196
200 4760732 196
200 4762180 196
200 4763628 196
200 4765068 196
200 4766512 196
200 4767960 196
200 4769404 196
200 4770856 196
200 4772292 196
200 4773740 196
200 4775184 196
200 4776628 196
200 4778072 196
200 4779520 196
200 4780964 196
200 4782408 196
200 4783852 196
200 4785300 196
200 4786744 196
200 4788188 196
200 4789632 196
200 4791080 196
200 4792524 196
200 4793968 196
200 4795420 196
200 4796860 196
200 4798304 196
200 4799748 196
200 4801196 196
200 4802640 196
200 4804088 196
200 4805528 196
200 4806972 196
200 4808420 196
200 4809864 196
200 4811308 196
200 4812752 196
200 4814200 196
200 4815644 196
200 4817088 196
200 4818536 196
200 4819984 196
200 4821424 196
200 4822868 196
200 4824312 196
200 4825768 196
200 4827236 196
200 4828648 196
200 4830092 196
200 4831540 196
200 4832984 196
200 4834428 196
200 4835872 196
200 4837320 196
200 4838764 196
200 4840208 196
200 4841652 196
200 4843100 196
200 4844552 196
200 4845988 196
200 4847436 196
200 4848880 196
200 4850324 196
200 4851768 196
200 4853216 196
200 4854660 196
200 4856104 196
200 4857548 196
200 4858992 196
200 4860440 196
200 4861884 196
200 4863328 196
200 4864776 196
200 4866220 196
200 4867664 196
200 4869112 196
200 4870556 196
200 4872000 196
200 4873444 196
200 4874888 196
200 4876336 196
200 4877788 196
200 4879224 196
200 4880668 196
200 4882120 196
200 4883560 196
200 4885004 196
200 4886448 196
200 4887892 196
200 4889340 196
200 4890784 196
200 4892228 196
200 4893672 196
200 4895124 196
200 4896564 196
200 4898008 196
200 4899452 196
200 4900904 196
200 4902344 196
200 4903788 196
200 4905232 196
200 4906688 196
200 4908124 196
200 4909568 196
200 4911012 196
200 4912460 196
200 4913904 196
200 4915348 196
200 4916792 196
200 4918240 196
200 4919684 196
200 4921128 196
200 4922572 196
200 4924020 196
200 4925472 196
200 4926908 196
200 4928356 196
200 4929800 196
200 4931244 196
200 4932688 196
200 4934132 196
200 4935580 196
200 4937024 196
200 4938468 196
200 4939912 196
200 4941368 196
200 4942812 196
200 4944248 196
200 4945700 196
200 4947140 196
200 4948584 196
200 4950036 196
200 4951472 196
200 4952920 196
200 4954364 196
200 4955808 196
200 4957256 196
200 4958704 196
200 4960144 196
200 4961588 196
200 4963032 196
200 4964480 196
200 4965924 196
200 4967368 196
200 4968812 196
200 4970260 196
200 4971708 196
200 4973148 196
200 4974600 196
200 4976040 196
200 4977484 196
200 4978928 196
200 4980372 196
200 4981820 196
200 4983264 196
200 4984708 196
200 4986152 196
200 4987600 196
200 4989044 196
200 4990488 196
200 4991936 196
200 4993380 196
200 4994824 196
200 4996268 196
200 4997712 196
200 4999160 196
200 5000604 196
200 5002048 196
200 5003504 196
200 5004948 196
200 5006384 196
200 5007828 196
200 5009292 196
200 5010720 196
200 5012164 196
200 5013620 196
200 5015060 196
200 5016500 196
200 5017944 197
200 5019388 197
200 5020836 197
200 5022280 199
200 5023724 199
200 5025168 199
200 5026616 201
200 5028064 201
200 5029504 201
200 5030952 201
200 5032396 203
200 5033840 203
200 5035284 203
200 5036728 206
200 5038176 206
200 5039620 206
200 5041064 209
200 5042508 209
200 5043956 209
200 5045400 212
200 5046844 212
200 5048288 212
200 5049736 216
200 5051180 216
200 5052624 216
200 5054076 220
200 5055520 220
200 5056960 220
200 5058404 224
200 5059848 224
200 5061296 228
200 5062740 228
200 5064184 228
200 5065628 231
200 5067076 231
200 5068520 231
200 5069964 233
200 5071408 233
200 5072856 233
200 5074300 235
200 5075744 235
200 5077188 235
200 5078636 237
200 5080088 237
200 5081524 237
200 5082980 239
200 5084416 239
200 5085860 240
200 5087336 240
200 5088748 240
200 5090196 242
200 5091640 242
200 5093084 242
200 5094528 243
200 5095984 243
200 5097420 243
200 5098872 244
200 5100308 244
200 5101756 244
200 5103200 245
200 5104652 245
200 5106088 246
200 5107536 246
200 5108980 246
200 5110424 247
200 5111868 247
200 5113316 247
200 5114760 248
200 5116204 248
200 5117648 248
200 5119096 248
200 5120540 248
200 5121996 249
200 5123428 249
200 5124876 249
200 5126320 249
200 5127764 249
200 5129208 249
200 5130656 250
200 5132100 250
200 5133544 250
200 5134988 250
200 5136436 250
200 5137880 251
200 5139324 251
200 5140768 251
200 5142216 251
200 5143660 251
200 5145104 251
200 5146548 251
200 5147996 251
200 5149440 251
200 5150892 252
200 5152328 252
200 5153776 252
200 5155220 252
200 5156664 252
200 5158108 252
200 5159556 252
200 5161000 252
200 5162452 253
200 5163888 253
200 5165336 253
200 5166780 253
200 5168224 253
200 5169668 253
200 5171116 253
200 5172560 253
200 5174004 253
200 5175448 253
200 5176896 253
200 5178340 253
200 5179784 253
200 5181228 253
200 5182676 253
200 5184120 253
200 5185572 253
200 5187008 253
200 5188456 253
200 5189908 254
200 5191344 254
200 5192788 254
200 5194244 254
200 5195680 254
200 5197124 254
200 5198568 254
200 5200016 254
200 5201460 254
200 5202904 254
200 5204348 254
200 5205796 254
200 5207240 254
200 5208684 254
200 5210136 254
200 5211576 254
200 5213020 254
200 5214464 254
200 5215908 254
200 5217356 254
200 5218800 254
200 5220244 254
200 5221688 254
200 5223136 254
200 5224584 254
200 5226024 254
200 5227468 254
200 5228916 254
200 5230360 254
200 5231804 254
200 5233248 254
200 5234700 254
200 5236140 254
200 5237584 255
200 5239028 255
200 5240476 255
200 5241920 255
200 5243364 255
200 5244808 255
200 5246256 255
200 5247700 255
200 5249144 255
200 5250588 255
200 5252036 255
200 5253480 255
200 5254924 255
200 5256368 255
200 5257816 255
200 5259260 255
200 5260704 255
200 5262148 255
200 5263596 255
200 5265040 255
200 5266484 255
200 5267928 255
200 5269376 255
200 5270820 255
200 5272264 255
200 5273708 255
200 5275156 255
200 5276600 255
200 5278044 255
200 5279496 255
200 5280936 255
200 5282380 255
200 5283824 255
200 5285268 255
200 5286716 255
200 5288168 255
200 5289604 255
200 5291048 255
200 5292496 255
200 5293940 255
200 5295384 255
200 5296828 255
200 5298276 255
200 5299720 255
200 5301164 255
200 5302608 255
200 5304056 255
200 5305500 255
200 5306944 255
200 5308388 255
200 5309836 255
200 5311280 255
200 5312724 255
200 5314168 255
200 5315620 255
200 5317060 255
200 5318504 255
200 5319948 255
200 5321396 255
200 5322840 255
200 5324284 255
200 5325728 255
200 5327176 255
200 5328620 255
200 5330064 255
200 5331520 255
200 5332956 255
200 5334400 255
200 5335844 255
200 5337288 255
200 5338736 255
200 5340196 255
200 5341624 255
200 5343068 255
200 5344516 255
200 5345960 255
200 5347412 255
200 5348872 255
200 5350296 255
200 5351740 255
200 5353184 255
200 5354628 255
200 5356076 255
200 5357520 255
200 5358964 256
200 5360408 256
200 5361856 256
200 5363300 256
200 5364752 256
200 5366188 256
200 5367636 256
200 5369080 256
200 5370524 256
200 5371968 256
200 5373428 256
200 5374860 256
200 5376304 256
200 5377748 256
200 5379196 256
200 5380640 256
200 5382084 256
200 5383528 256
200 5384976 256
200 5386420 256
200 5387864 256
200 5389308 256
200 5390756 256
200 5392200 256
200 5393644 256
200 5395088 256
200 5396536 256
200 5397980 256
200 5399424 256
200 5400868 256
200 5402316 256
200 5403760 256
200 5405204 256
200 5406660 256
200 5408096 256
200 5409540 256
200 5410984 256
200 5412428 256
200 5413876 256
200 5415320 256
200 5416764 256
200 5418208 256
200 5419656 256
200 5421100 256
200 5422544 256
200 5423988 256
200 5425436 256
200 5426880 256
200 5428324 256
200 5429768 256
200 5431216 256
200 5432660 256
200 5434104 256
200 5435548 256
200 5436996 256
200 5438440 256
200 5439884 256
200 5441328 256
200 5442796 256
200 5444220 256
200 5445672 256
200 5447108 256
200 5448556 256
200 5450000 256
200 5451444 256
200 5452888 256
200 5454336 256
200 5455780 256
200 5457224 256
200 5458668 256
200 5460116 256
200 5461560 256
200 5463004 256
200 5464448 256
200 5465924 256
200 5467340 256
200 5468784 256
200 5470236 256
200 5471676 256
200 5473120 256
200 5474564 256
200 5476008 256
200 5477456 256
200 5478900 256
200 5480344 256
200 5481788 256
200 5483236 256
200 5484680 256
200 5486124 256
200 5487568 256
200 5489016 256
200 5490460 256
200 5491904 256
200 5493348 256
200 5494800 256
200 5496240 256
200 5497684 256
200 5499128 256
200 5500576 256
200 5502020 256
200 5503468 256
200 5504908 256
200 5506356 256
200 5507800 256
200 5509244 256
200 5510688 256
200 5512136 256
200 5513580 256
200 5515024 256
200 5516468 256
200 5517916 256
200 5519368 256
200 5520804 256
200 5522248 256
200 5523696 256
200 5525140 256
200 5526584 256
200 5528028 256
200 5529476 256
200 5530920 256
200 5532364 256
200 5533808 256
200 5535256 256
200 5536704 256
200 5538144 256
200 5539588 256
200 5541036 256
200 5542488 256
200 5543924 256
200 5545368 256
200 5546816 256
200 5548260 256
200 5549712 256
200 5551160 256
200 5552596 256
200 5554040 256
200 5555484 256
200 5556928 256
200 5558376 256
200 5559820 256
200 5561264 256
200 5562708 256
200 5564156 256
200 5565600 256
200 5567044 256
200 5568488 256
200 5569936 256
200 5571380 256
200 5572824 256
200 5574268 256
200 5575720 256
200 5577160 256
200 5578604 256
200 5580048 256
200 5581496 256
200 5582940 256
200 5584420 256
200 5585828 256
200 5587276 256
200 5588720 256
200 5590180 256
200 5591608 256
200 5593056 256
200 5594500 256
200 5595944 256
200 5597388 256
200 5598836 256
200 5600284 256
200 5601724 256
200 5603168 256
200 5604616 256
200 5606060 256
200 5607504 256
200 5608972 256
200 5610396 256
200 5611840 256
200 5613284 256
200 5614728 256
200 5616176 256
200 5617620 256
200 5619064 256
200 5620508 256
200 5621956 256
200 5623400 256
200 5624856 256
200 5626288 256
200 5627736 256
200 5629188 256
200 5630624 256
200 5632068 256
200 5633516 256
200 5634960 256
200 5636404 256
200 5637848 256
200 5639296 256
200 5640740 256
200 5642184 256
200 5643628 256
200 5645076 256
200 5646520 256
200 5647964 256
200 5649416 256
200 5650856 257
200 5652300 257
200 5653744 257
200 5655188 257
200 5656636 257
200 5658080 257
200 5659528 257
200 5660968 257
200 5662416 257
200 5663860 257
200 5665304 257
200 5666748 257
200 5668196 257
200 5669640 257
200 5671084 257
200 5672528 257
200 5673976 257
200 5675420 257
200 5676864 257
200 5678308 257
200 5679756 257
200 5681200 257
200 5682648 257
200 5684088 257
200 5685536 257
200 5686980 257
200 5688424 257
200 5689868 257
200 5691316 257
200 5692760 257
200 5694204 257
200 5695656 257
200 5697096 257
200 5698540 257
200 5699984 257
200 5701428 257
200 5702884 257
200 5704320 257
200 5705768 257
200 5707208 257
200 5708660 257
200 5710100 257
200 5711544 257
200 5712988 257
200 5714436 257
200 5715880 257
200 5717324 257
200 5718780 257
200 5720216 257
200 5721660 257
200 5723104 257
200 5724548 257
200 5726024 257
200 5727440 257
200 5728884 257
200 5730336 257
200 5731776 257
200 5733220 257
200 5734664 257
200 5736108 257
200 5737556 257
200 5739000 257
200 5740444 257
200 5741888 257
200 5743336 257
200 5744780 257
200 5746224 257
200 5747668 257
200 5749124 257
200 5750560 257
200 5752004 257
200 5753448 257
200 5754900 257
200 5756340 257
200 5757788 257
200 5759228 257
200 5760676 257
200 5762120 257
200 5763580 257
200 5765008 257
200 5766456 257
200 5767900 257
200 5769344 257
200 5770788 257
200 5772240 257
200 5773680 257
200 5775140 257
200 5776568 257
200 5778016 257
200 5779464 257
200 5780904 257
200 5782348 257
200 5783796 257
200 5785240 257
200 5786684 257
200 5788128 257
200 5789576 257
200 5791020 257
200 5792464 257
200 5793908 257
200 5795356 257
200 5796800 257
200 5798244 257
200 5799688 257
200 5801136 257
200 5802580 257
200 5804024 257
200 5805468 257
200 5806916 257
200 5808368 257
200 5809804 257
200 5811248 257
200 5812696 257
200 5814140 257
200 5815584 257
200 5817028 257
200 5818476 257
200 5819920 257
200 5821364 257
200 5822808 257
200 5824256 257
200 5825700 257
200 5827144 257
200 5828588 257
200 5830036 257
200 5831484 257
200 5832924 257
200 5834368 257
200 5835816 257
200 5837260 257
200 5838708 257
200 5840148 257
200 5841596 257
200 5843040 257
200 5844516 257
200 5845928 257
200 5847376 257
200 5848820 257
200 5850264 257
200 5851708 257
200 5853156 257
200 5854600 257
200 5856044 257
200 5857488 257
200 5858936 257
200 5860384 257
200 5861824 257
200 5863268 257
200 5864716 257
200 5866160 257
200 5867604 257
200 5869048 257
200 5870496 257
200 5871940 257
200 5873384 257
200 5874828 257
200 5876276 257
200 5877720 257
200 5879164 257
200 5880608 257
200 5882056 257
200 5883500 257
200 5884952 257
200 5886388 257
200 5887836 257
200 5889288 257
200 5890724 257
200 5892168 257
200 5893616 257
200 5895060 257
200 5896504 257
200 5897948 257
200 5899396 257
200 5900840 257
200 5902284 257
200 5903744 257
200 5905176 257
200 5906620 257
200 5908064 257
200 5909516 257
200 5910956 257
200 5912408 257
200 5913844 257
200 5915304 257
200 5916736 257
200 5918180 257
200 5919624 257
200 5921068 257
200 5922516 257
200 5923964 257
200 5925404 257
200 5926848 257
200 5928296 257
200 5929740 257
200 5931184 257
200 5932628 257
200 5934076 257
200 5935520 257
200 5936964 257
200 5938408 257
200 5939856 257
200 5941300 257
200 5942744 257
200 5944188 257
200 5945636 257
200 5947080 257
200 5948532 257
200 5949968 257
200 5951416 257
200 5952860 257
200 5954304 257
200 5955748 257
200 5957196 257
200 5958640 257
200 5960084 257
200 5961528 257
200 5962976 257
200 5964420 257
200 5965864 257
200 5967308 257
200 5968756 257
200 5970200 257
200 5971644 257
200 5973088 257
200 5974536 257
200 5975980 257
200 5977424 257
200 5978868 257
200 5980316 257
200 5981760 257
200 5983204 257
200 5984648 257
200 5986108 257
200 5987572 257
200 5988984 257
200 5990436 257
200 5991876 257
200 5993320 257
200 5994764 257
200 5996208 257
200 5997656 257
200 5999100 257
200 6000544 257
200 6001988 257
200 6003436 257
200 6004880 257
200 6006324 257
200 6007768 257
200 6009216 257
200 6010660 257
200 6012104 257
200 6013548 257
200 6015000 257
200 6016440 257
200 6017884 257
200 6019328 257
200 6020776 257
200 6022220 257
200 6023664 257
200 6025108 257
200 6026556 257
200 6028000 257
200 6029444 257
200 6030888 257
200 6032336 257
200 6033780 257
200 6035224 257
200 6036668 257
200 6038116 257
200 6039568 257
200 6041004 257
200 6042448 257
200 6043896 257
200 6045340 257
200 6046784 257
200 6048228 257
200 6049676 257
200 6051120 257
200 6052564 257
200 6054008 257
200 6055456 257
200 6056900 257
200 6058344 257
200 6059788 257
200 6061236 257
200 6062680 257
200 6064124 257
200 6065568 257
200 6067016 257
200 6068460 257
200 6069904 257
200 6071348 257
200 6072796 257
200 6074240 257
200 6075684 257
200 6077128 257
200 6078576 257
200 6080020 257
200 6081464 257
200 6082908 257
200 6084356 257
200 6085800 257
200 6087244 257
200 6088688 257
200 6090136 257
200 6091580 257
200 6093024 257
200 6094468 257
200 6095916 257
200 6097360 257
200 6098804 257
200 6100260 257
200 6101696 257
200 6103140 257
200 6104588 257
200 6106028 257
200 6107476 257
200 6108920 257
200 6110364 257
200 6111808 257
200 6113256 257
200 6114700 257
200 6116144 257
200 6117588 257
200 6119036 257
200 6120484 257
200 6121924 257
200 6123368 257
200 6124816 257
200 6126268 257
200 6127704 257
200 6129148 257
200 6130596 257
200 6132040 257
200 6133484 257
200 6134928 257
200 6136376 257
200 6137820 257
200 6139264 257
200 6140708 257
200 6142156 257
200 6143600 257
200 6145052 257
200 6146488 257
200 6147936 257
200 6149380 257
200 6150824 257
200 6152268 257
200 6153716 257
200 6155160 257
200 6156604 257
200 6158048 257
200 6159496 257
200 6160940 257
200 6162384 257
200 6163828 257
200 6165276 257
200 6166720 257
200 6168164 257
200 6169616 257
200 6171056 257
200 6172500 257
200 6173944 257
200 6175388 257
200 6176836 257
200 6178280 257
200 6179724 257
200 6181168 257
200 6182616 257
200 6184060 257
200 6185504 257
200 6186948 257
200 6188396 257
200 6189840 257
200 6191284 257
200 6192728 257
200 6194176 257
200 6195620 257
200 6197064 257
200 6198508 257
200 6199956 257
200 6201400 257
200 6202844 257
200 6204288 257
200 6205736 257
200 6207180 257
200 6208624 257
200 6210068 257
200 6211516 257
200 6212960 257
200 6214404 257
200 6215848 257
200 6217296 257
200 6218740 257
200 6220184 257
200 6221628 257
200 6223076 257
200 6224520 257
200 6225964 257
200 6227420 257
200 6228856 257
200 6230300 257
200 6231744 257
200 6233188 257
200 6234636 257
200 6236080 257
200 6237524 257
200 6238968 257
200 6240416 257
200 6241860 257
200 6243304 257
200 6244748 257
200 6246196 257
200 6247672 257
200 6249084 257
200 6250536 257
200 6251984 257
200 6253420 257
200 6254864 257
200 6256308 257
200 6257756 257
200 6259200 257
200 6260644 257
200 6262088 257
200 6263536 257
200 6264980 257
200 6266424 257
200 6267868 257
200 6269316 257
200 6270760 257
200 6272204 257
200 6273648 257
200 6275100 257
200 6276540 257
200 6277984 257
200 6279428 257
200 6280876 257
200 6282320 257
200 6283764 257
200 6285208 257
200 6286656 257
200 6288100 257
200 6289544 257
200 6290988 257
200 6292436 257
200 6293880 257
200 6295324 257
200 6296768 257
200 6298216 257
200 6299664 257
200 6301104 257
200 6302548 257
200 6303996 257
200 6305440 257
200 6306884 257
200 6308344 257
200 6309776 257
200 6311220 257
200 6312664 257
200 6314108 257
200 6315556 257
200 6317004 257
200 6318444 257
200 6319904 257
200 6321336 257
200 6322780 257
200 6324232 257
200 6325668 257
200 6327116 257
200 6328560 257
200 6330004 257
200 6331448 257
200 6332896 257
200 6334340 257
200 6335784 257
200 6337228 257
200 6338676 257
200 6340120 257
200 6341564 257
200 6343008 257
200 6344456 257
200 6345900 257
200 6347344 257
200 6348788 257
200 6350236 257
200 6351680 257
200 6353124 257
200 6354568 257
200 6356016 257
200 6357460 257
200 6358904 257
200 6360348 257
200 6361796 257
200 6363240 257
200 6364684 257
200 6366128 257
200 6367576 257
200 6369020 257
200 6370464 257
200 6371908 257
200 6373356 257
200 6374800 257
200 6376244 257
200 6377688 257
200 6379136 257
200 6380584 257
200 6382024 257
200 6383468 257
200 6384916 257
200 6386360 257
200 6387804 257
200 6389248 257
200 6390696 257
200 6392140 257
200 6393584 257
200 6395044 257
200 6396476 257
200 6397920 257
200 6399364 257
200 6400808 257
200 6402256 257
200 6403700 257
200 6405152 257
200 6406588 257
200 6408040 257
200 6409492 257
200 6410924 257
200 6412368 257
200 6413816 257
200 6415260 257
200 6416704 257
200 6418148 257
200 6419596 257
200 6421040 257
200 6422484 257
200 6423928 257
200 6425376 257
200 6426820 257
200 6428264 257
200 6429716 257
200 6431156 257
200 6432600 257
200 6434044 257
200 6435496 257
200 6436936 257
200 6438380 257
200 6439824 257
200 6441268 257
200 6442716 257
200 6444160 257
200 6445608 257
200 6447048 257
200 6448500 257
200 6449940 257
200 6451384 257
200 6452828 257
200 6454280 257
200 6455720 257
200 6457164 257
200 6458608 257
200 6460056 257
200 6461500 257
200 6462944 257
200 6464388 257
200 6465836 257
200 6467280 257
200 6468724 257
200 6470168 257
200 6471616 257
200 6473060 257
200 6474504 257
200 6475948 257
200 6477396 257
200 6478840 257
200 6480284 257
200 6481728 257
200 6483176 257
200 6484620 257
200 6486064 257
200 6487508 257
200 6488956 257
200 6490400 257
200 6491852 257
200 6493288 257
200 6494736 257
200 6496180 257
200 6497624 257
200 6499068 257
200 6500520 257
200 6501960 257
200 6503404 257
200 6504848 257
200 6506296 257
200 6507768 257
200 6509208 257
200 6510632 257
200 6512076 257
200 6513520 257
200 6514964 257
200 6516408 257
200 6517856 257
200 6519300 257
200 6520744 257
200 6522188 257
200 6523636 257
200 6525080 257
200 6526524 257
200 6527968 257
200 6529416 257
200 6530860 257
200 6532304 257
200 6533748 257
200 6535200 257
200 6536640 257
200 6538084 257
200 6539528 257
200 6540976 257
200 6542420 257
200 6543864 257
200 6545308 257
200 6546756 257
200 6548200 257
200 6549644 257
200 6551088 257
200 6552536 257
200 6553988 257
200 6555424 257
200 6556868 257
200 6558316 257
200 6559768 257
200 6561204 257
200 6562648 257
200 6564096 257
200 6565540 257
200 6566984 257
200 6568428 257
200 6569876 257
200 6571320 257
200 6572764 257
200 6574208 257
200 6575656 257
200 6577100 257
200 6578544 257
200 6579988 257
200 6581436 257
200 6582884 257
200 6584332 257
200 6585768 257
200 6587216 257
200 6588660 257
200 6590104 257
200 6591548 257
200 6592996 257
200 6594440 257
200 6595888 257
200 6597328 257
200 6598776 257
200 6600220 257
200 6601664 257
200 6603132 257
200 6604556 257
200 6606000 257
200 6607444 257
200 6608900 257
200 6610336 257
200 6611780 257
200 6613224 257
200 6614668 257
200 6616124 257
200 6617560 257
200 6619004 257
200 6620448 257
200 6621900 257
200 6623340 257
200 6624784 257
200 6626228 257
200 6627676 257
200 6629120 257
200 6630564 257
200 6632020 257
200 6633456 257
200 6634900 257
200 6636344 257
200 6637788 257
200 6639236 257
200 6640680 257
200 6642124 257
200 6643568 257
200 6645016 257
200 6646460 257
200 6647904 257
200 6649348 257
200 6650796 258
200 6652240 258
200 6653684 258
200 6655128 258
200 6656576 258
200 6658020 258
200 6659464 258
200 6660908 258
200 6662356 257
200 6663800 257
200 6665252 257
200 6666700 258
200 6668136 258
200 6669592 258
200 6671024 258
200 6672468 258
200 6673916 258
200 6675360 258
200 6676804 258
200 6678248 258
200 6679696 258
200 6681140 258
200 6682592 258
200 6684028 258
200 6685476 258
200 6686920 258
200 6688364 258
200 6689816 258
200 6691256 258
200 6692700 258
200 6694152 258
200 6695596 258
200 6697036 258
200 6698480 258
200 6699924 258
200 6701368 258
200 6702816 258
200 6704260 258
200 6705704 258
200 6707148 258
200 6708596 258
200 6710040 258
200 6711484 258
200 6712928 258
200 6714388 258
200 6715820 258
200 6717264 258
200 6718708 258
200 6720168 258
200 6721600 258
200 6723044 258
200 6724488 258
200 6725936 258
200 6727380 258
200 6728824 258
200 6730268 258
200 6731716 258
200 6733160 258
200 6734604 258
200 6736048 258
200 6737496 258
200 6738940 258
200 6740384 258
200 6741828 258
200 6743276 258
200 6744752 258
200 6746164 258
200 6747608 258
200 6749056 258
200 6750500 258
200 6751944 258
200 6753388 258
200 6754836 258
200 6756280 258
200 6757724 258
200 6759168 258
200 6760616 258
200 6762060 258
200 6763504 258
200 6764948 258
200 6766396 258
200 6767848 258
200 6769308 258
200 6770728 258
200 6772176 258
200 6773620 258
200 6775064 258
200 6776508 258
200 6777956 258
200 6779400 258
200 6780844 258
200 6782288 258
200 6783736 258
200 6785180 258
200 6786624 258
200 6788076 258
200 6789516 258
200 6790960 258
200 6792404 258
200 6793848 258
200 6795300 258
200 6796740 258
200 6798184 258
200 6799628 258
200 6801076 258
200 6802520 258
200 6803964 258
200 6805408 258
200 6806856 258
200 6808300 258
200 6809744 258
200 6811188 258
200 6812636 258
200 6814088 258
200 6815524 258
200 6816984 258
200 6818416 258
200 6819864 258
200 6821304 258
200 6822748 258
200 6824196 258
200 6825640 258
200 6827084 258
200 6828528 258
200 6829976 258
200 6831420 258
200 6832864 258
200 6834308 258
200 6835756 258
200 6837200 258
200 6838644 258
200 6840088 258
200 6841536 258
200 6842980 258
200 6844432 258
200 6845868 258
200 6847316 258
200 6848760 258
200 6850204 258
200 6851648 258
200 6853096 258
200 6854540 258
200 6855984 258
200 6857428 258
200 6858876 258
200 6860320 258
200 6861764 258
200 6863224 258
200 6864656 258
200 6866100 258
200 6867544 258
200 6868988 258
200 6870436 258
200 6871880 258
200 6873324 258
200 6874768 258
200 6876216 258
200 6877660 258
200 6879104 258
200 6880548 258
200 6881996 258
200 6883440 258
200 6884884 258
200 6886360 258
200 6887776 258
200 6889220 258
200 6890664 258
200 6892108 258
200 6893556 258
200 6895000 258
200 6896444 258
200 6897888 258
200 6899336 258
200 6900780 258
200 6902224 258
200 6903668 258
200 6905116 258
200 6906560 258
200 6908004 258
200 6909448 258
200 6910904 258
200 6912340 258
200 6913784 258
200 6915228 258
200 6916676 258
200 6918120 258
200 6919564 258
200 6921008 258
200 6922456 258
200 6923900 258
200 6925352 258
200 6926788 258
200 6928236 258
200 6929680 258
200 6931124 258
200 6932568 258
200 6934016 258
200 6935460 258
200 6936904 258
200 6938348 258
200 6939796 258
200 6941240 258
200 6942684 258
200 6944128 258
200 6945576 258
200 6947020 258
200 6948464 258
200 6949916 258
200 6951356 258
200 6952800 258
200 6954244 258
200 6955688 258
200 6957136 258
200 6958580 258
200 6960024 258
200 6961480 258
200 6962916 258
200 6964372 258
200 6965804 258
200 6967248 258
200 6968696 258
200 6970140 258
200 6971584 258
200 6973028 258
200 6974480 258
200 6975920 258
200 6977364 257
200 6978808 257
200 6980256 258
200 6981700 258
200 6983144 258
200 6984588 257
200 6986036 257
200 6987480 257
200 6988932 257
200 6990368 257
200 6991816 257
200 6993260 257
200 6994704 257
200 6996148 258
200 6997596 258
200 6999048 258
200 7000484 257
200 7001928 257
200 7003376 257
200 7004852 257
200 7006264 257
200 7007708 257
