60 3009092 0
60 3009856 0
60 3010540 0
60 3011232 0
60 3011920 0
60 3012604 0
60 3013296 0
60 3013988 0
60 3014676 0
60 3015360 0
60 3016124 0
60 3017312 0
60 3018504 0
60 3019692 0
60 3020884 0
60 3022072 0
60 3023264 0
60 3024452 0
60 3025644 0
60 3026836 0
60 3028024 0
60 3029212 0
60 3030404 0
60 3031592 0
60 3032784 0
60 3033972 0
60 3035168 0
60 3036352 0
60 3037544 0
60 3038732 0
60 3039924 0
60 3041112 0
60 3042308 0
60 3043492 0
60 3044684 0
60 3045872 0
60 3047064 0
60 3048252 0
60 3049444 0
60 3050632 0
60 3051824 0
60 3053012 0
60 3054204 0
60 3055392 0
60 3056584 0
60 3057772 0
60 3058964 0
60 3060152 0
60 3061344 0
60 3062532 0
60 3063724 0
60 3064912 0
60 3066104 0
60 3067292 0
60 3068484 0
60 3069672 0
60 3071968 0
60 3073156 0
60 3074348 0
60 3075536 0
60 3076728 0
60 3077916 0
60 3079108 0
60 3080300 0
60 3081488 0
60 3082676 0
60 3083868 0
60 3085056 0
60 3086248 0
60 3087436 0
60 3088628 0
60 3089816 0
60 3091008 0
60 3092200 0
60 3093388 0
60 3094576 0
60 3095768 0
60 3096956 0
60 3098148 0
60 3099336 0
60 3100528 0
60 3101724 0
60 3102908 0
60 3104096 0
60 3105288 0
60 3106476 0
60 3107668 0
60 3108856 0
60 3110048 0
60 3111236 0
60 3112428 0
60 3113616 0
60 3114808 0
60 3115996 0
60 3117188 0
60 3118376 0
60 3119568 15
60 3120844 17
60 3122116 17
60 3123392 17
60 3124668 17
60 3125944 17
60 3127216 17
60 3128492 17
60 3129768 17
60 3131044 17
60 3132316 17
60 3133592 17
60 3134868 17
60 3136144 17
60 3137416 17
60 3138692 17
60 3139968 17
60 3141244 17
60 3142516 17
60 3143812 17
60 3145068 17
60 3146344 17
60 3147616 17
60 3148892 17
60 3150168 17
60 3151444 17
60 3152716 17
60 3153992 17
60 3155268 17
60 3156544 17
60 3157816 17
60 3159092 17
60 3160368 17
60 3161644 17
60 3162916 17
60 3164196 18
60 3165468 18
60 3166744 18
60 3168016 18
60 3169300 18
60 3170568 18
60 3171844 18
60 3173116 18
60 3174392 18
60 3175668 18
60 3176944 18
60 3178216 18
60 3179492 18
60 3180768 18
60 3182044 18
60 3183316 18
60 3184592 18
60 3185868 18
60 3187144 18
60 3188416 18
60 3189692 18
60 3190968 18
60 3192244 18
60 3193520 18
60 3194792 18
60 3196068 18
60 3197344 18
60 3198616 18
60 3199892 18
60 3201168 18
60 3202444 18
60 3203716 18
60 3204992 18
60 3206268 18
60 3207544 19
60 3208816 19
60 3210092 19
60 3211368 19
60 3212644 19
60 3213920 19
60 3215192 19
60 3216468 19
60 3217744 19
60 3219016 19
60 3220292 19
60 3221568 19
60 3222844 19
60 3224116 19
60 3225392 19
60 3226668 19
60 3227944 19
60 3229216 19
60 3230492 19
60 3231772 19
60 3233044 19
60 3234316 19
60 3235592 19
60 3236872 19
60 3238144 19
60 3239416 19
60 3240692 19
60 3241968 19
60 3243244 19
60 3244516 19
60 3245792 19
60 3247068 19
60 3248380 20
60 3249616 20
60 3250892 20
60 3252168 20
60 3253444 20
60 3254716 20
60 3255992 20
60 3257268 20
60 3258544 20
60 3259816 20
60 3261092 20
60 3262368 20
60 3263644 20
60 3264916 20
60 3266192 20
60 3267468 20
60 3268744 20
60 3270020 20
60 3271292 20
60 3272568 20
60 3273844 20
60 3275116 20
60 3276392 20
60 3277668 20
60 3278944 20
60 3280216 20
60 3281492 20
60 3282768 20
60 3284044 20
60 3285316 20
60 3286592 20
60 3287868 20
60 3289144 20
60 3290416 20
60 3291708 20
60 3292968 20
60 3294244 20
60 3295516 20
60 3296792 20
60 3298068 20
60 3299348 20
60 3300616 20
60 3301892 20
60 3303168 20
60 3304444 20
60 3305716 20
60 3306992 20
60 3308268 20
60 3309544 20
60 3310816 20
60 3312092 20
60 3313368 20
60 3314644 20
60 3315916 20
60 3317192 20
60 3318468 20
60 3319744 20
60 3321020 20
60 3322292 20
60 3323568 20
60 3324844 20
60 3326116 20
60 3327392 20
60 3328668 20
60 3329944 20
60 3331216 20
60 3332492 20
60 3333768 21
60 3335044 21
60 3336316 21
60 3337592 21
60 3338868 21
60 3340144 21
60 3341416 21
60 3342692 21
60 3343968 21
60 3345244 21
60 3346516 21
60 3347792 21
60 3349068 21
60 3350344 21
60 3351616 21
60 3352892 21
60 3354168 21
60 3355444 21
60 3356716 21
60 3357992 21
60 3359268 21
60 3360544 21
60 3361824 21
60 3363092 21
60 3364368 21
60 3365644 21
60 3366932 21
60 3368192 21
60 3369468 21
60 3370744 21
60 3372016 21
60 3373292 21
60 3374568 21
60 3375856 21
60 3377116 21
60 3378392 21
60 3379668 21
60 3380944 21
60 3382216 21
60 3383492 21
60 3384768 21
60 3386044 21
60 3387316 21
60 3388592 21
60 3389868 21
60 3391144 21
60 3392416 21
60 3393692 21
60 3394968 21
60 3396252 21
60 3397516 21
60 3398792 21
60 3400068 21
60 3401344 21
60 3402616 21
60 3403892 21
60 3405168 21
60 3406444 21
60 3407716 21
60 3408992 21
60 3410268 21
60 3411544 21
60 3412816 21
60 3414092 21
60 3415368 21
60 3416644 21
60 3417916 21
60 3419192 21
60 3420468 21
60 3421744 21
60 3423016 21
60 3424292 21
60 3425568 21
60 3426844 21
60 3428116 21
60 3429400 21
60 3430668 21
60 3431944 21
60 3433216 21
60 3434492 21
60 3435768 21
60 3437044 21
60 3438320 21
60 3439592 21
60 3440868 21
60 3442144 21
60 3443416 21
60 3444692 21
60 3445968 21
60 3447244 21
60 3448516 21
60 3449792 21
60 3451068 21
60 3452344 21
60 3453616 21
60 3454892 21
60 3456168 21
60 3457444 21
60 3458716 21
60 3459992 21
60 3461268 21
60 3462544 21
60 3463816 21
60 3465092 21
60 3466368 21
60 3467644 21
60 3468916 21
60 3470192 21
60 3471468 21
60 3472744 21
60 3474016 21
60 3475292 21
60 3476568 21
60 3477844 21
60 3479116 21
60 3480392 21
60 3481668 21
60 3482944 21
60 3484216 21
60 3485492 21
60 3486768 21
60 3488044 21
60 3489316 21
60 3490592 21
60 3491876 21
60 3493144 21
60 3494416 21
60 3495692 21
60 3496976 21
60 3498244 21
60 3499516 21
60 3500792 23
60 3502068 23
60 3503344 23
60 3504620 23
60 3505892 23
60 3507168 23
60 3508444 23
60 3509716 23
60 3510992 23
60 3512268 23
60 3513544 23
60 3514816 23
60 3516092 23
60 3517368 23
60 3518644 23
60 3519916 23
60 3521192 23
60 3522468 23
60 3523744 23
60 3525016 23
60 3526292 23
60 3527568 23
60 3528844 23
60 3530116 23
60 3531392 23
60 3532668 23
60 3533944 23
60 3535216 23
60 3536492 23
60 3537768 23
60 3539044 23
60 3540316 23
60 3541592 23
60 3542868 23
60 3544144 23
60 3545416 23
60 3546692 23
60 3547968 23
60 3549244 23
60 3550516 23
60 3551792 23
60 3553068 23
60 3554344 23
60 3555620 23
60 3556892 23
60 3558168 23
60 3559448 23
60 3560716 23
60 3561992 23
60 3563268 23
60 3564548 23
60 3565816 23
60 3567092 23
60 3568368 23
60 3569644 23
60 3570916 23
60 3572192 23
60 3573468 23
60 3574744 23
60 3576016 23
60 3577292 23
60 3578568 23
60 3579844 23
60 3581116 23
60 3582392 23
60 3583668 23
60 3584944 23
60 3586216 23
60 3587492 23
60 3588768 23
60 3590044 23
60 3591316 23
60 3592592 23
60 3593868 23
60 3595144 23
60 3596420 23
60 3597692 23
60 3598968 23
60 3600244 23
60 3601520 23
60 3602792 23
60 3604068 23
60 3605344 23
60 3606616 23
60 3607892 23
60 3609168 23
60 3610444 23
60 3611716 23
60 3612992 23
60 3614268 23
60 3615544 23
60 3616816 23
60 3618092 23
60 3619368 23
60 3620644 23
60 3621924 23
60 3623192 23
60 3624468 23
60 3625744 23
60 3627024 23
60 3628292 23
60 3629568 23
60 3630844 23
60 3632116 23
60 3633392 23
60 3634668 23
60 3635944 23
60 3637216 23
60 3638492 23
60 3639768 23
60 3641044 23
60 3642316 23
60 3643592 23
60 3644868 23
60 3646144 23
60 3647416 23
60 3648692 23
60 3649968 23
60 3651244 23
60 3652516 23
60 3653792 23
60 3655068 23
60 3656344 23
60 3657616 23
60 3658892 23
60 3660168 23
60 3661444 23
60 3662716 23
60 3663992 23
60 3665268 23
60 3666544 23
60 3667816 23
60 3669092 23
60 3670368 23
60 3671644 23
60 3672916 23
60 3674192 23
60 3675468 23
60 3676744 23
60 3678016 23
60 3679292 23
60 3680568 23
60 3681844 23
60 3683116 23
60 3684392 23
60 3685668 23
60 3686944 23
60 3688220 23
60 3689500 23
60 3690768 23
60 3692044 23
60 3693316 23
60 3694600 23
60 3695868 23
60 3697144 23
60 3698416 23
60 3699692 23
60 3700968 23
60 3702244 23
60 3703520 23
60 3704792 23
60 3706068 23
60 3707344 23
60 3708616 23
60 3709892 23
60 3711168 23
60 3712444 23
60 3713716 23
60 3714992 23
60 3716268 23
60 3717544 23
60 3718820 23
60 3720092 23
60 3721368 23
60 3722644 23
60 3723916 23
60 3725192 23
60 3726468 23
60 3727744 23
60 3729016 23
60 3730292 23
60 3731568 23
60 3732844 23
60 3734120 23
60 3735392 23
60 3736668 23
60 3737944 23
60 3739216 23
60 3740492 23
60 3741768 23
60 3743044 23
60 3744316 23
60 3745592 23
60 3746868 23
60 3748144 23
60 3749416 23
60 3750692 23
60 3751972 23
60 3753244 23
60 3754516 23
60 3755792 23
60 3757072 23
60 3758344 23
60 3759616 23
60 3760892 23
60 3762168 23
60 3763444 23
60 3764716 23
60 3765992 23
60 3767268 23
60 3768544 23
60 3769816 23
60 3771092 23
60 3772368 23
60 3773644 23
60 3774920 23
60 3776192 23
60 3777468 23
60 3778744 23
60 3780016 23
60 3781292 23
60 3782568 23
60 3783844 23
60 3785116 23
60 3786392 23
60 3787668 23
60 3788944 23
60 3790220 23
60 3791492 23
60 3792768 23
60 3794044 23
60 3795316 23
60 3796592 23
60 3797868 23
60 3799144 23
60 3800416 23
60 3801692 23
60 3802968 23
60 3804244 23
60 3805548 23
60 3806792 23
60 3808068 23
60 3809344 23
60 3810616 23
60 3811892 23
60 3813168 23
60 3814444 23
60 3815716 23
60 3816992 23
60 3818268 23
60 3819548 23
60 3820816 23
60 3822092 23
60 3823368 23
60 3824648 23
60 3825916 23
60 3827192 23
60 3828468 23
60 3829744 23
60 3831020 23
60 3832292 23
60 3833568 23
60 3834844 23
60 3836116 23
60 3837392 23
60 3838668 23
60 3839944 23
60 3841220 23
60 3842492 23
60 3843768 23
60 3845044 23
60 3846316 23
60 3847592 23
60 3848868 23
60 3850144 23
60 3851416 23
60 3852692 23
60 3853968 23
60 3855244 23
60 3856516 23
60 3857792 23
60 3859068 23
60 3860344 23
60 3861616 23
60 3862892 23
60 3864168 23
60 3865444 23
60 3866716 23
60 3867992 23
60 3869268 23
60 3870544 23
60 3871816 23
60 3873092 23
60 3874368 23
60 3875644 23
60 3876916 24
60 3878192 24
60 3879468 24
60 3880744 24
60 3882020 24
60 3883292 24
60 3884568 24
60 3885844 24
60 3887124 24
60 3888392 24
60 3889668 24
60 3890944 24
60 3892216 24
60 3893492 24
60 3894768 24
60 3896044 24
60 3897316 24
60 3898592 24
60 3899868 24
60 3901144 24
60 3902440 24
60 3903692 24
60 3904968 24
60 3906244 24
60 3907516 24
60 3908792 24
60 3910068 24
60 3911344 24
60 3912616 24
60 3913892 24
60 3915168 24
60 3916444 24
60 3917720 24
60 3918992 24
60 3920268 24
60 3921544 24
60 3922816 24
60 3924092 24
60 3925368 24
60 3926644 24
60 3927916 24
60 3929192 24
60 3930468 24
60 3931744 24
60 3933016 24
60 3934292 24
60 3935568 24
60 3936844 24
60 3938116 24
60 3939392 24
60 3940668 24
60 3941944 24
60 3943216 24
60 3944492 24
60 3945768 24
60 3947072 24
60 3948316 24
60 3949600 24
60 3950868 24
60 3952144 24
60 3953416 24
60 3954700 24
60 3955968 24
60 3957244 24
60 3958520 24
60 3959792 24
60 3961068 24
60 3962344 24
60 3963616 24
60 3964892 24
60 3966168 24
60 3967444 24
60 3968716 24
60 3969992 24
60 3971268 24
60 3972544 24
60 3973816 24
60 3975092 24
60 3976368 24
60 3977644 24
60 3978916 24
60 3980192 24
60 3981468 24
60 3982744 24
60 3984048 24
60 3985292 24
60 3986568 24
60 3987844 24
60 3989116 24
60 3990392 24
60 3991668 24
60 3992944 24
60 3994216 24
60 3995492 24
60 3996768 24
60 3998044 24
60 3999316 24
60 4000592 24
60 4001868 24
60 4003144 24
60 4004416 24
60 4005692 24
60 4006968 24
60 4008244 24
60 4009520 24
60 4010796 24
60 4012068 24
60 4013344 24
60 4014616 24
60 4015892 24
60 4017172 24
60 4018444 24
60 4019716 24
60 4020992 24
60 4022268 24
60 4023544 24
60 4024820 24
60 4026092 24
60 4027368 24
60 4028644 24
60 4029916 24
60 4031192 24
60 4032468 24
60 4033744 24
60 4035016 24
60 4036292 24
60 4037568 24
60 4038844 24
60 4040116 24
60 4041392 24
60 4042668 24
60 4043944 24
60 4045216 24
60 4046492 24
60 4047768 24
60 4049044 24
60 4050316 24
60 4051592 24
60 4052868 24
60 4054144 24
60 4055416 24
60 4056692 24
60 4057968 24
60 4059244 24
60 4060516 24
60 4061792 24
60 4063068 24
60 4064344 24
60 4065640 24
60 4066892 24
60 4068168 24
60 4069444 24
60 4070716 24
60 4071992 24
60 4073268 24
60 4074544 24
60 4075816 24
60 4077092 24
60 4078368 24
60 4079648 24
60 4080916 24
60 4082192 24
60 4083468 24
60 4084748 24
60 4086016 24
60 4087292 24
60 4088588 24
60 4089844 24
60 4091116 24
60 4092392 24
60 4093668 24
60 4094944 24
60 4096216 24
60 4097492 24
60 4098768 24
60 4100044 24
60 4101316 24
60 4102592 24
60 4103868 24
60 4105144 24
60 4106416 24
60 4107692 24
60 4108968 24
60 4110244 24
60 4111516 24
60 4112792 24
60 4114068 24
60 4115344 24
60 4116616 24
60 4117892 24
60 4119168 24
60 4120444 24
60 4121716 24
60 4122992 24
60 4124268 24
60 4125544 24
60 4126816 24
60 4128092 24
60 4129368 24
60 4130644 24
60 4131916 24
60 4133192 24
60 4134468 24
60 4135744 24
60 4137016 24
60 4138292 24
60 4139568 24
60 4140844 24
60 4142116 24
60 4143392 24
60 4144668 24
60 4145944 24
60 4147224 24
60 4148492 24
60 4149768 24
60 4151044 24
60 4152316 24
60 4153592 24
60 4154868 24
60 4156144 24
60 4157416 24
60 4158692 24
60 4159968 24
60 4161244 24
60 4162528 24
60 4163792 24
60 4165068 24
60 4166344 24
60 4167616 24
60 4168892 24
60 4170168 24
60 4171444 24
60 4172716 24
60 4173992 24
60 4175268 24
60 4176544 24
60 4177816 24
60 4179092 24
60 4180368 24
60 4181644 24
60 4182916 24
60 4184192 24
60 4185468 24
60 4186744 24
60 4188016 24
60 4189292 24
60 4190568 24
60 4191844 24
60 4193116 24
60 4194392 24
60 4195668 24
60 4196944 24
60 4198216 24
60 4199492 24
60 4200768 24
60 4202044 24
60 4203316 24
60 4204592 24
60 4205868 24
60 4207172 24
60 4208416 24
60 4209700 24
60 4210968 24
60 4212244 24
60 4213516 24
60 4214800 24
60 4216068 24
60 4217344 24
60 4218616 24
60 4219892 24
60 4221168 24
60 4222444 24
60 4223716 24
60 4224992 24
60 4226268 24
60 4227544 24
60 4228816 24
60 4230092 24
60 4231368 24
60 4232644 24
60 4233916 24
60 4235192 24
60 4236468 24
60 4237744 24
60 4239016 24
60 4240292 24
60 4241568 24
60 4242844 24
60 4244136 24
60 4245392 24
60 4246668 24
60 4247944 24
60 4249216 24
60 4250492 24
60 4251768 24
60 4253044 24
60 4254320 24
60 4255592 24
60 4256868 24
60 4258144 24
60 4259416 24
60 4260692 24
60 4261968 24
60 4263244 24
60 4264516 24
60 4265792 24
60 4267068 24
60 4268344 24
60 4269616 24
60 4270892 24
60 4272168 24
60 4273444 24
60 4274716 24
60 4275992 24
60 4277272 24
60 4278544 24
60 4279816 24
60 4281092 24
60 4282376 24
60 4283644 24
60 4284916 24
60 4286192 24
60 4287468 24
60 4288744 24
60 4290016 24
60 4291292 24
60 4292568 24
60 4293844 24
60 4295116 24
60 4296392 24
60 4297668 24
60 4298944 24
60 4300216 24
60 4301492 24
60 4302768 24
60 4304044 24
60 4305316 24
60 4306592 24
60 4307868 24
60 4309144 24
60 4310416 24
60 4311692 24
60 4312968 24
60 4314244 24
60 4315516 24
60 4316792 24
60 4318068 24
60 4319344 24
60 4320620 24
60 4321892 24
60 4323168 24
60 4324444 24
60 4325720 24
60 4326992 24
60 4328268 24
60 4329544 24
60 4330816 24
60 4332092 24
60 4333368 24
60 4334644 24
60 4335916 24
60 4337192 24
60 4338468 24
60 4339748 24
60 4341016 24
60 4342292 24
60 4343568 24
60 4344848 24
60 4346116 24
60 4347392 24
60 4348688 24
60 4349944 24
60 4351216 24
60 4352492 24
60 4353768 24
60 4355044 24
60 4356316 24
60 4357592 24
60 4358868 24
60 4360144 24
60 4361416 24
60 4362692 24
60 4363968 24
60 4365244 24
60 4366516 24
60 4367792 24
60 4369068 24
60 4370344 24
60 4371616 24
60 4372892 24
60 4374168 24
60 4375444 24
60 4376716 24
60 4377992 24
60 4379268 24
60 4380544 24
60 4381816 24
60 4383092 24
60 4384368 24
60 4385644 24
60 4386916 24
60 4388192 24
60 4389468 24
60 4390744 24
60 4392016 24
60 4393292 24
60 4394568 24
60 4395844 24
60 4397116 24
60 4398392 24
60 4399668 24
60 4400944 24
60 4402216 24
60 4403492 24
60 4404768 24
60 4406044 24
60 4407324 24
60 4408592 24
60 4409868 24
60 4411144 24
60 4412424 24
60 4413692 24
60 4414968 24
60 4416244 24
60 4417516 24
60 4418792 24
60 4420068 24
60 4421344 24
60 4422616 24
60 4423892 24
60 4425168 24
60 4426444 24
60 4427716 24
60 4428992 24
60 4430268 24
60 4431544 24
60 4432816 24
60 4434092 24
60 4435368 24
60 4436644 24
60 4437916 24
60 4439192 24
60 4440468 24
60 4441744 24
60 4443016 24
60 4444292 24
60 4445568 24
60 4446844 24
60 4448116 24
60 4449392 24
60 4450668 24
60 4451944 24
60 4453216 24
60 4454492 24
60 4455768 24
60 4457044 24
60 4458316 24
60 4459592 24
60 4460868 24
60 4462144 24
60 4463416 24
60 4464692 24
60 4465968 24
60 4467252 24
60 4468516 24
60 4469796 24
60 4471068 24
60 4472344 24
60 4473616 24
60 4474900 24
60 4476168 24
60 4477444 24
60 4478716 24
60 4479992 24
60 4481268 24
60 4482544 24
60 4483816 24
60 4485092 24
60 4486368 24
60 4487644 24
60 4488916 24
60 4490192 24
60 4491468 24
60 4492744 24
60 4494016 24
60 4495292 24
60 4496568 24
60 4497844 24
60 4499116 24
60 4500392 24
60 4501668 24
60 4502944 24
60 4504216 24
60 4505492 24
60 4506768 24
60 4508044 24
60 4509320 24
60 4510592 24
60 4511868 24
60 4513144 24
60 4514416 24
60 4515692 24
60 4516968 24
60 4518244 24
60 4519516 24
60 4520792 24
60 4522068 24
60 4523344 24
60 4524616 24
60 4525892 24
60 4527168 24
60 4528444 24
60 4529716 24
60 4530992 24
60 4532268 24
60 4533544 24
60 4534816 24
60 4536092 24
60 4537372 24
60 4538644 24
60 4539916 24
60 4541192 24
60 4542476 24
60 4543744 24
60 4545016 24
60 4546292 24
60 4547568 24
60 4548844 24
60 4550116 24
60 4551392 24
60 4552668 24
60 4553944 24
60 4555216 24
60 4556492 24
60 4557768 24
60 4559044 24
60 4560316 24
60 4561592 24
60 4562868 24
60 4564144 24
60 4565416 24
60 4566692 24
60 4567968 24
60 4569244 24
60 4570516 24
60 4571792 24
60 4573068 24
60 4574344 24
60 4575616 24
60 4576892 24
60 4578168 24
60 4579444 24
60 4580716 24
60 4581992 24
60 4583268 24
60 4584544 24
60 4585816 24
60 4587092 24
60 4588368 24
60 4589644 24
60 4590916 24
60 4592192 24
60 4593468 24
60 4594744 24
60 4596016 24
60 4597292 24
60 4598568 24
60 4599844 24
60 4601116 24
60 4602392 24
60 4603668 24
60 4604948 24
60 4606216 24
60 4607492 24
60 4608768 24
60 4610044 24
60 4611316 24
60 4612592 24
60 4613868 24
60 4615144 24
60 4616416 24
60 4617692 24
60 4618968 24
60 4620244 24
60 4621520 24
60 4622792 24
60 4624068 24
60 4625344 24
60 4626616 24
60 4627892 24
60 4629168 24
60 4630444 24
60 4631716 24
60 4632992 24
60 4634268 24
60 4635544 24
60 4636816 24
60 4638092 24
60 4639368 24
60 4640644 24
60 4641916 24
60 4643192 24
60 4644468 24
60 4645744 24
60 4647016 24
60 4648292 24
60 4649568 24
60 4650844 24
60 4652116 24
60 4653392 24
60 4654668 24
60 4655944 24
60 4657216 24
60 4658492 24
60 4659768 24
60 4661044 24
60 4662316 24
60 4663592 24
60 4664868 24
60 4666144 24
60 4667424 24
60 4668692 24
60 4669968 24
60 4671244 24
60 4672524 24
60 4673792 24
60 4675068 24
60 4676344 24
60 4677616 24
60 4678892 24
60 4680168 24
60 4681444 24
60 4682720 24
60 4683992 24
60 4685268 24
60 4686544 24
60 4687816 24
60 4689092 24
60 4690368 24
60 4691644 24
60 4692916 24
60 4694192 24
60 4695468 24
60 4696744 24
60 4698016 24
60 4699292 24
60 4700568 24
60 4701844 24
60 4703116 24
60 4704392 24
60 4705668 24
60 4706944 24
60 4708220 24
60 4709492 24
60 4710768 24
60 4712044 24
60 4713320 24
60 4714592 24
60 4715868 24
60 4717144 24
60 4718416 24
60 4719692 24
60 4720968 24
60 4722244 24
60 4723516 24
60 4724792 24
60 4726068 24
60 4727344 24
60 4728616 24
60 4729892 24
60 4731168 24
60 4732444 24
60 4733716 24
60 4735000 24
60 4736268 24
60 4737544 24
60 4738816 24
60 4740092 24
60 4741368 24
60 4742644 24
60 4743916 24
60 4745208 24
60 4746468 24
60 4747744 24
60 4749016 24
60 4750292 24
60 4751568 24
60 4752844 24
60 4754116 24
60 4755400 24
60 4756668 24
60 4757944 24
60 4759216 24
60 4760492 24
60 4761768 24
60 4763044 24
60 4764316 24
60 4765592 24
60 4766868 24
60 4768144 24
60 4769416 24
60 4770692 24
60 4771968 24
60 4773244 24
60 4774516 24
60 4775792 24
60 4777068 24
60 4778344 24
60 4779616 24
60 4780892 24
60 4782168 24
60 4783444 24
60 4784720 24
60 4785992 24
60 4787268 24
60 4788544 24
60 4789816 24
60 4791092 24
60 4792368 24
60 4793644 24
60 4794916 24
60 4796192 24
60 4797476 24
60 4798744 24
60 4800016 24
60 4801292 24
60 4802572 24
60 4803844 24
60 4805116 24
60 4806392 24
60 4807676 24
60 4808944 24
60 4810216 24
60 4811492 24
60 4812768 24
60 4814044 24
60 4815316 24
60 4816592 24
60 4817868 24
60 4819144 24
60 4820416 24
60 4821692 24
60 4822968 24
60 4824244 24
60 4825516 24
60 4826792 24
60 4828068 24
60 4829344 24
60 4830616 24
60 4831892 24
60 4833168 24
60 4834444 24
60 4835720 24
60 4836992 24
60 4838268 24
60 4839544 24
60 4840816 24
60 4842092 24
60 4843368 24
60 4844644 24
60 4845916 24
60 4847192 24
60 4848468 24
60 4849744 24
60 4851016 24
60 4852292 24
60 4853568 24
60 4854844 24
60 4856120 24
60 4857392 24
60 4858668 24
60 4859944 24
60 4861220 24
60 4862492 24
60 4863768 24
60 4865048 24
60 4866316 24
60 4867592 24
60 4868868 24
60 4870148 24
60 4871416 24
60 4872692 24
60 4873968 24
60 4875244 24
60 4876516 24
60 4877792 24
60 4879068 24
60 4880344 24
60 4881616 24
60 4882892 24
60 4884168 24
60 4885444 24
60 4886716 24
60 4887992 24
60 4889268 24
60 4890544 24
60 4891816 24
60 4893092 24
60 4894368 24
60 4895644 24
60 4896916 24
60 4898192 24
60 4899468 24
60 4900744 24
60 4902016 24
60 4903292 24
60 4904568 24
60 4905872 24
60 4907116 24
60 4908392 24
60 4909668 24
60 4910944 24
60 4912216 24
60 4913492 24
60 4914768 24
60 4916044 24
60 4917316 24
60 4918592 24
60 4919868 24
60 4921144 24
60 4922416 24
60 4923692 24
60 4924968 24
60 4926244 24
60 4927524 24
60 4928792 24
60 4930068 24
60 4931344 24
60 4932624 24
60 4933892 24
60 4935168 24
60 4936444 24
60 4937716 24
60 4938992 24
60 4940268 24
60 4941544 24
60 4942816 24
60 4944092 24
60 4945368 24
60 4946644 24
60 4947916 24
60 4949192 24
60 4950468 24
60 4951744 24
60 4953016 24
60 4954292 24
60 4955568 24
60 4956844 24
60 4958116 24
60 4959392 24
60 4960668 24
60 4961944 24
60 4963216 24
60 4964492 24
60 4965768 24
60 4967044 24
60 4968316 24
60 4969592 24
60 4970868 24
60 4972144 24
60 4973416 24
60 4974692 24
60 4975968 24
60 4977244 24
60 4978516 24
60 4979792 24
60 4981068 24
60 4982344 24
60 4983616 24
60 4984892 24
60 4986168 24
60 4987444 24
60 4988720 24
60 4989992 24
60 4991268 24
60 4992544 24
60 4993820 24
60 4995100 24
60 4996368 24
60 4997644 24
60 4998916 24
60 5000200 24
60 5001468 24
60 5002764 24
60 5004016 24
60 5005292 24
60 5006568 24
60 5007844 24
120 5009136 24
120 5010480 24
120 5011840 24
120 5013200 24
120 5014564 24
120 5015920 24
120 5017280 24
120 5018644 24
120 5020000 24
120 5021360 24
120 5022724 24
120 5024080 24
120 5025440 24
120 5026800 24
120 5028160 24
120 5029520 24
120 5030880 24
120 5032240 24
120 5033600 24
120 5034960 24
120 5036320 24
120 5037680 24
120 5039040 24
120 5040400 26
120 5041760 26
120 5043120 26
120 5044480 26
120 5045840 26
120 5047200 26
120 5048560 26
120 5049920 26
120 5051280 26
120 5052640 28
120 5054000 28
120 5055360 28
120 5056720 28
120 5058080 28
120 5059440 28
120 5060800 28
120 5062160 28
120 5063520 28
120 5064880 31
120 5066240 31
120 5067600 31
120 5068960 31
120 5070320 31
120 5071680 31
120 5073040 31
120 5074400 31
120 5075760 34
120 5077120 34
120 5078480 34
120 5079840 34
120 5081200 34
120 5082560 34
120 5083920 34
120 5085280 34
120 5086640 34
120 5088000 38
120 5089360 38
120 5090720 38
120 5092080 38
120 5093440 38
120 5094800 38
120 5096160 38
120 5097520 38
120 5098880 44
120 5100240 44
120 5101604 44
120 5102960 44
120 5104320 44
120 5105684 44
120 5107040 44
120 5108400 44
120 5109764 50
120 5111120 50
120 5112480 50
120 5113840 50
120 5115200 50
120 5116560 50
120 5117920 50
120 5119280 60
120 5120640 60
120 5122000 60
120 5123360 60
120 5124720 60
120 5126080 60
120 5127448 60
120 5128800 60
120 5130160 73
120 5131520 73
120 5132880 73
120 5134240 73
120 5135600 73
120 5136960 73
120 5138320 73
120 5139680 73
120 5141040 86
120 5142400 86
120 5143760 86
120 5145120 86
120 5146480 86
120 5147840 86
120 5149200 86
120 5150560 86
120 5151920 90
120 5153280 90
120 5154640 90
120 5156000 90
120 5157360 90
120 5158720 90
120 5160080 90
120 5161440 92
120 5162820 92
120 5164160 92
120 5165520 92
120 5166880 92
120 5168240 92
120 5169600 92
120 5170960 92
120 5172320 93
120 5173680 93
120 5175040 93
120 5176400 93
120 5177760 93
120 5179120 93
120 5180480 93
120 5181840 94
120 5183200 94
120 5184560 94
120 5185948 94
120 5187280 94
120 5188644 94
120 5190000 94
120 5191360 94
120 5192724 94
120 5194080 94
120 5195440 94
120 5196800 94
120 5198160 94
120 5199520 94
120 5200880 94
120 5202240 94
120 5203600 95
120 5204960 95
120 5206320 95
120 5207680 95
120 5209040 95
120 5210400 95
120 5211760 95
120 5213120 95
120 5214480 95
120 5215840 95
120 5217200 95
120 5218560 95
120 5219920 95
120 5221280 95
120 5222640 95
120 5224000 95
120 5225360 95
120 5226720 95
120 5228080 95
120 5229440 95
120 5230800 95
120 5232160 95
120 5233520 95
120 5234880 96
120 5236248 96
120 5237600 96
120 5238960 96
120 5240320 96
120 5241680 96
120 5243040 96
120 5244428 96
120 5245760 96
120 5247120 96
120 5248480 96
120 5249840 96
120 5251200 96
120 5252560 96
120 5253920 96
120 5255280 96
120 5256640 96
120 5258000 96
120 5259360 96
120 5260720 96
120 5262080 96
120 5263440 96
120 5264800 96
120 5266160 96
120 5267520 96
120 5268880 96
120 5270240 96
120 5271600 96
120 5272960 96
120 5274320 96
120 5275684 96
120 5277040 96
120 5278400 96
120 5279764 96
120 5281120 96
120 5282480 96
120 5283844 96
120 5285200 96
120 5286560 96
120 5287920 96
120 5289280 96
120 5290640 96
120 5292000 96
120 5293360 96
120 5294720 96
120 5296080 96
120 5297440 96
120 5298800 96
120 5300160 96
120 5301520 96
120 5302880 96
120 5304240 96
120 5305600 96
120 5306960 96
120 5308320 96
120 5309680 96
120 5311040 96
120 5312400 96
120 5313760 96
120 5315120 96
120 5316480 96
120 5317840 96
120 5319200 96
120 5320560 96
120 5321920 96
120 5323280 96
120 5324640 96
120 5326012 96
120 5327360 96
120 5328720 96
120 5330080 96
120 5331440 96
120 5332800 96
120 5334160 96
120 5335520 96
120 5336880 96
120 5338240 96
120 5339600 96
120 5340960 96
120 5342320 96
120 5343680 96
120 5345040 96
120 5346400 96
120 5347760 96
120 5349120 96
120 5350480 96
120 5351840 96
120 5353200 96
120 5354560 96
120 5355920 96
120 5357280 96
120 5358640 96
120 5360000 96
120 5361360 96
120 5362724 96
120 5364080 96
120 5365440 96
120 5366804 96
120 5368160 96
120 5369520 96
120 5370880 96
120 5372240 96
120 5373600 96
120 5374960 96
120 5376320 96
120 5377680 96
120 5379040 96
120 5380400 96
120 5381760 96
120 5383120 96
120 5384480 96
120 5385840 96
120 5387200 96
120 5388560 96
120 5389920 96
120 5391288 96
120 5392640 96
120 5394000 96
120 5395360 96
120 5396720 96
120 5398080 96
120 5399440 96
120 5400800 96
120 5402160 96
120 5403520 96
120 5404888 96
120 5406240 96
120 5407600 96
120 5408980 96
120 5410320 96
120 5411680 96
120 5413040 96
120 5414400 96
120 5415760 96
120 5417120 96
120 5418480 96
120 5419840 96
120 5421200 96
120 5422560 96
120 5423920 96
120 5425280 96
120 5426640 96
120 5428000 96
120 5429360 96
120 5430720 96
120 5432080 96
120 5433440 96
120 5434800 96
120 5436160 96
120 5437520 96
120 5438880 96
120 5440240 96
120 5441600 96
120 5442960 96
120 5444320 96
120 5445680 96
120 5447040 96
120 5448400 96
120 5449764 96
120 5451120 96
120 5452480 96
120 5453844 96
120 5455200 96
120 5456560 96
120 5457920 96
120 5459280 96
120 5460640 96
120 5462000 96
120 5463360 96
120 5464720 96
120 5466080 96
120 5467440 96
120 5468800 96
120 5470160 96
120 5471520 96
120 5472880 96
120 5474240 96
120 5475600 96
120 5476960 96
120 5478320 96
120 5479680 96
120 5481040 96
120 5482400 96
120 5483760 96
120 5485120 96
120 5486480 96
120 5487840 96
120 5489200 96
120 5490560 96
120 5491920 96
120 5493280 96
120 5494640 96
120 5496000 96
120 5497360 96
120 5498720 96
120 5500080 96
120 5501440 96
120 5502800 96
120 5504160 96
120 5505520 96
120 5506880 96
120 5508240 96
120 5509600 96
120 5510960 96
120 5512320 96
120 5513680 96
120 5515040 96
120 5516400 96
120 5517760 96
120 5519120 96
120 5520480 96
120 5521840 96
120 5523200 96
120 5524560 96
120 5525920 96
120 5527280 96
120 5528640 96
120 5530000 96
120 5531360 96
120 5532720 96
120 5534080 96
120 5535440 96
120 5536804 96
120 5538160 96
120 5539520 96
120 5540884 96
120 5542240 96
120 5543600 96
120 5544964 96
120 5546320 96
120 5547680 96
120 5549048 96
120 5550400 96
120 5551760 96
120 5553120 96
120 5554480 96
120 5555840 96
120 5557200 96
120 5558560 96
120 5559920 96
120 5561280 96
120 5562640 96
120 5564000 96
120 5565360 96
120 5566720 96
120 5568080 96
120 5569440 96
120 5570800 96
120 5572160 96
120 5573520 96
120 5574880 96
120 5576240 96
120 5577600 96
120 5578960 96
120 5580320 96
120 5581680 96
120 5583040 96
120 5584400 96
120 5585760 96
120 5587120 96
120 5588480 96
120 5589840 96
120 5591200 96
120 5592560 96
120 5593920 96
120 5595280 96
120 5596640 96
120 5598000 96
120 5599360 96
120 5600720 96
120 5602080 96
120 5603440 96
120 5604800 96
120 5606160 96
120 5607520 96
120 5608880 96
120 5610240 96
120 5611600 96
120 5612960 96
120 5614320 96
120 5615680 96
120 5617040 96
120 5618400 96
120 5619760 96
120 5621120 96
120 5622480 96
120 5623844 96
120 5625200 96
120 5626560 96
120 5627924 96
120 5629280 96
120 5630640 96
120 5632000 96
120 5633360 96
120 5634720 96
120 5636080 96
120 5637440 96
120 5638800 96
120 5640160 96
120 5641520 96
120 5642880 96
120 5644240 96
120 5645600 96
120 5646960 96
120 5648320 96
120 5649680 96
120 5651040 96
120 5652400 96
120 5653760 96
120 5655120 96
120 5656480 96
120 5657840 96
120 5659200 96
120 5660560 96
120 5661920 96
120 5663280 96
120 5664640 96
120 5666000 96
120 5667360 96
120 5668720 96
120 5670080 96
120 5671440 96
120 5672800 96
120 5674160 96
120 5675520 96
120 5676880 96
120 5678240 96
120 5679600 96
120 5680960 96
120 5682320 96
120 5683680 96
120 5685040 96
120 5686400 96
120 5687760 96
120 5689120 96
120 5690480 96
120 5691840 96
120 5693200 96
120 5694560 96
120 5695920 96
120 5697280 96
120 5698640 96
120 5700000 96
120 5701360 96
120 5702720 96
120 5704080 96
120 5705440 96
120 5706800 96
120 5708160 96
120 5709520 96
120 5710884 96
120 5712240 96
120 5713600 96
120 5714964 96
120 5716320 96
120 5717680 96
120 5719044 96
120 5720400 96
120 5721760 96
120 5723120 96
120 5724480 96
120 5725840 96
120 5727200 96
120 5728560 96
120 5729920 96
120 5731280 96
120 5732640 96
120 5734000 96
120 5735360 96
120 5736720 96
120 5738080 96
120 5739440 96
120 5740812 96
120 5742160 96
120 5743520 96
120 5744880 96
120 5746240 96
120 5747628 96
120 5748960 96
120 5750320 96
120 5751680 96
120 5753040 96
120 5754400 96
120 5755760 96
120 5757120 96
120 5758480 96
120 5759840 96
120 5761200 96
120 5762560 96
120 5763920 96
120 5765280 96
120 5766640 96
120 5768000 96
120 5769360 96
120 5770720 96
120 5772084 96
120 5773440 96
120 5774800 96
120 5776160 96
120 5777520 96
120 5778880 96
120 5780240 96
120 5781600 96
120 5782980 96
120 5784320 96
120 5785680 96
120 5787040 96
120 5788400 96
120 5789760 96
120 5791120 96
120 5792480 96
120 5793840 96
120 5795200 96
120 5796560 96
120 5797932 96
120 5799280 96
120 5800640 96
120 5802004 96
120 5803360 96
120 5804720 96
120 5806084 96
120 5807440 96
120 5808800 96
120 5810160 96
120 5811520 96
120 5812880 96
120 5814240 96
120 5815600 96
120 5816960 96
120 5818320 96
120 5819680 96
120 5821040 96
120 5822400 96
120 5823760 96
120 5825120 96
120 5826480 96
120 5827840 96
120 5829200 96
120 5830560 96
120 5831920 96
120 5833280 96
120 5834640 96
120 5836000 96
120 5837360 96
120 5838720 96
120 5840080 96
120 5841440 96
120 5842800 96
120 5844160 96
120 5845520 96
120 5846880 96
120 5848240 96
120 5849600 96
120 5850960 96
120 5852320 96
120 5853680 96
120 5855040 96
120 5856400 96
120 5857760 96
120 5859120 96
120 5860480 96
120 5861840 96
120 5863200 96
120 5864588 96
120 5865920 96
120 5867280 96
120 5868640 96
120 5870000 96
120 5871360 96
120 5872720 96
120 5874080 96
120 5875440 96
120 5876800 96
120 5878160 96
120 5879520 96
120 5880880 96
120 5882240 96
120 5883600 96
120 5884964 96
120 5886320 96
120 5887680 96
120 5889044 96
120 5890400 96
120 5891760 96
120 5893124 96
120 5894480 96
120 5895840 96
120 5897200 96
120 5898560 96
120 5899920 96
120 5901280 96
120 5902640 96
120 5904000 96
120 5905360 96
120 5906720 96
120 5908080 96
120 5909440 96
120 5910800 96
120 5912160 96
120 5913520 96
120 5914880 96
120 5916240 96
120 5917600 96
120 5918960 96
120 5920320 96
120 5921688 96
120 5923048 96
120 5924400 96
120 5925760 96
120 5927120 97
120 5928480 97
120 5929840 97
120 5931200 97
120 5932560 97
120 5933920 97
120 5935280 97
120 5936640 97
120 5938000 97
120 5939368 97
120 5940720 97
120 5942080 97
120 5943440 97
120 5944800 97
120 5946188 97
120 5947520 97
120 5948880 97
120 5950240 97
120 5951600 97
120 5952960 97
120 5954320 97
120 5955680 97
120 5957040 97
120 5958400 97
120 5959760 97
120 5961120 97
120 5962480 97
120 5963840 97
120 5965200 97
120 5966560 97
120 5967920 97
120 5969280 97
120 5970640 97
120 5972004 97
120 5973360 97
120 5974720 97
120 5976084 97
120 5977440 97
120 5978800 97
120 5980164 97
120 5981520 97
120 5982880 97
120 5984240 97
120 5985600 97
120 5986960 97
120 5988320 97
120 5989680 97
120 5991040 97
120 5992400 97
120 5993760 97
120 5995120 97
120 5996480 97
120 5997840 97
120 5999200 97
120 6000560 97
120 6001920 97
120 6003280 97
120 6004656 97
120 6006000 97
120 6007360 97
120 6008720 97
120 6010080 97
120 6011440 97
120 6012800 97
120 6014160 97
120 6015520 97
120 6016880 97
120 6018240 97
120 6019600 97
120 6020960 97
120 6022320 97
120 6023680 97
120 6025040 97
120 6026400 97
120 6027760 97
120 6029120 97
120 6030480 97
120 6031840 97
120 6033200 97
120 6034560 97
120 6035920 97
120 6037280 97
120 6038640 97
120 6040000 97
120 6041360 97
120 6042720 97
120 6044080 97
120 6045440 97
120 6046800 97
120 6048160 97
120 6049520 97
120 6050880 97
120 6052240 97
120 6053600 97
120 6054960 97
120 6056320 97
120 6057680 97
120 6059044 97
120 6060412 97
120 6061760 97
120 6063124 97
120 6064480 97
120 6065840 97
120 6067200 97
120 6068560 97
120 6069920 97
120 6071280 97
120 6072644 97
120 6074000 97
120 6075360 97
120 6076720 97
120 6078080 97
120 6079440 97
120 6080800 97
120 6082160 97
120 6083520 97
120 6084880 97
120 6086240 97
120 6087600 97
120 6088960 97
120 6090320 97
120 6091680 97
120 6093040 97
120 6094400 97
120 6095760 97
120 6097120 97
120 6098480 97
120 6099840 97
120 6101200 97
120 6102560 97
120 6103920 97
120 6105280 97
120 6106648 97
120 6108000 97
120 6109360 97
120 6110720 97
120 6112080 97
120 6113440 97
120 6114800 97
120 6116160 97
120 6117520 97
120 6118880 97
120 6120240 97
120 6121600 97
120 6122960 97
120 6124320 97
120 6125680 97
120 6127040 97
120 6128400 97
120 6129760 97
120 6131120 97
120 6132480 97
120 6133840 97
120 6135208 97
120 6136560 97
120 6137920 97
120 6139280 97
120 6140640 97
120 6142000 97
120 6143360 97
120 6144720 97
120 6146084 97
120 6147440 97
120 6148800 97
120 6150164 97
120 6151520 97
120 6152880 97
120 6154244 97
120 6155600 97
120 6156960 97
120 6158320 97
120 6159680 97
120 6161040 97
120 6162400 97
120 6163760 97
120 6165120 97
120 6166480 97
120 6167840 97
120 6169220 97
120 6170560 97
120 6171920 97
120 6173280 97
120 6174640 97
120 6176000 97
120 6177360 97
120 6178720 97
120 6180080 97
120 6181440 97
120 6182800 97
120 6184160 97
120 6185520 97
120 6186880 97
120 6188240 97
120 6189600 97
120 6190960 97
120 6192320 97
120 6193680 97
120 6195040 97
120 6196400 97
120 6197760 97
120 6199120 97
120 6200480 97
120 6201840 97
120 6203200 97
120 6204560 97
120 6205920 97
120 6207280 97
120 6208640 97
120 6210000 97
120 6211360 97
120 6212720 97
120 6214080 97
120 6215440 97
120 6216800 97
120 6218160 97
120 6219520 97
120 6220880 97
120 6222240 97
120 6223600 97
120 6224960 97
120 6226320 97
120 6227680 97
120 6229040 97
120 6230400 97
120 6231760 97
120 6233124 97
120 6234480 97
120 6235840 97
120 6237204 97
120 6238560 97
120 6239920 97
120 6241284 97
120 6242640 97
120 6244000 97
120 6245360 97
120 6246720 97
120 6248080 97
120 6249440 97
120 6250800 97
120 6252160 97
120 6253520 97
120 6254880 97
120 6256240 97
120 6257600 97
120 6258960 97
120 6260320 97
120 6261680 97
120 6263040 97
120 6264400 97
120 6265760 97
120 6267120 97
120 6268480 97
120 6269840 97
120 6271200 97
120 6272560 97
120 6273920 97
120 6275280 97
120 6276640 97
120 6278000 97
120 6279360 97
120 6280720 97
120 6282080 97
120 6283440 97
120 6284800 97
120 6286160 97
120 6287520 97
120 6288880 97
120 6290240 97
120 6291600 97
120 6292960 97
120 6294320 97
120 6295680 97
120 6297040 97
120 6298400 97
120 6299760 97
120 6301120 97
120 6302480 97
120 6303840 97
120 6305200 97
120 6306560 97
120 6307920 97
120 6309280 97
120 6310640 97
120 6312000 97
120 6313360 97
120 6314720 97
120 6316080 97
120 6317440 97
120 6318800 97
120 6320164 97
120 6321520 97
120 6322880 97
120 6324244 97
120 6325600 97
120 6326960 97
120 6328324 97
120 6329680 97
120 6331040 97
120 6332400 97
120 6333760 97
120 6335120 97
120 6336480 97
120 6337840 97
120 6339200 97
120 6340560 97
120 6341920 97
120 6343280 97
120 6344640 97
120 6346000 97
120 6347360 97
120 6348720 97
120 6350080 97
120 6351440 97
120 6352800 97
120 6354160 97
120 6355520 97
120 6356880 97
120 6358240 97
120 6359600 97
120 6360960 97
120 6362320 97
120 6363680 97
120 6365040 97
120 6366400 97
120 6367804 97
120 6369120 97
120 6370480 97
120 6371840 97
120 6373200 97
120 6374560 97
120 6375920 97
120 6377280 97
120 6378640 97
120 6380000 97
120 6381360 97
120 6382720 97
120 6384080 97
120 6385440 97
120 6386800 97
120 6388160 97
120 6389520 97
120 6390880 97
120 6392240 97
120 6393600 97
120 6394960 97
120 6396320 97
120 6397680 97
120 6399040 97
120 6400400 97
120 6401760 97
120 6403120 97
120 6404480 97
120 6405840 97
120 6407204 97
120 6408560 97
120 6409920 97
120 6411284 97
120 6412640 97
120 6414000 97
120 6415364 97
120 6416720 97
120 6418080 97
120 6419440 97
120 6420800 97
120 6422160 97
120 6423520 97
120 6424880 97
120 6426240 97
120 6427600 97
120 6428960 97
120 6430320 97
120 6431680 97
120 6433040 97
120 6434400 97
120 6435760 97
120 6437120 97
120 6438480 97
120 6439840 97
120 6441200 97
120 6442560 97
120 6443920 97
120 6445280 97
120 6446640 97
120 6448000 97
120 6449360 97
120 6450720 97
120 6452080 97
120 6453440 97
120 6454800 97
120 6456160 97
120 6457520 97
120 6458880 97
120 6460240 97
120 6461600 97
120 6462960 97
120 6464320 97
120 6465680 97
120 6467040 97
120 6468400 97
120 6469760 97
120 6471120 97
120 6472488 97
120 6473840 97
120 6475200 97
120 6476560 97
120 6477920 97
120 6479280 97
120 6480640 97
120 6482000 97
120 6483360 97
120 6484720 97
120 6486080 97
120 6487440 97
120 6488800 97
120 6490160 97
120 6491520 97
120 6492880 97
120 6494244 97
120 6495600 97
120 6496960 97
120 6498324 97
120 6499680 97
120 6501040 97
120 6502404 97
120 6503760 97
120 6505120 97
120 6506480 97
120 6507856 97
120 6509200 97
120 6510560 97
120 6511920 97
120 6513280 97
120 6514640 97
120 6516000 97
120 6517360 97
120 6518720 97
120 6520080 97
120 6521440 97
120 6522800 97
120 6524160 97
120 6525520 97
120 6526880 97
120 6528240 97
120 6529600 97
120 6530960 97
120 6532320 97
120 6533680 97
120 6535040 97
120 6536400 97
120 6537760 97
120 6539120 97
120 6540480 97
120 6541840 97
120 6543220 97
120 6544560 97
120 6545920 97
120 6547280 97
120 6548640 97
120 6550000 97
120 6551360 97
120 6552720 97
120 6554080 97
120 6555440 97
120 6556800 97
120 6558160 97
120 6559520 97
120 6560880 97
120 6562240 97
120 6563600 97
120 6564960 97
120 6566348 97
120 6567680 97
120 6569040 97
120 6570400 97
120 6571760 97
120 6573120 97
120 6574480 97
120 6575840 97
120 6577200 97
120 6578560 97
120 6579920 97
120 6581284 97
120 6582640 97
120 6584000 97
120 6585364 97
120 6586720 97
120 6588080 97
120 6589440 97
120 6590800 97
120 6592160 97
120 6593520 97
120 6594880 97
120 6596240 97
120 6597600 97
120 6598960 97
120 6600320 97
120 6601680 97
120 6603040 97
120 6604400 97
120 6605760 97
120 6607120 97
120 6608480 97
120 6609840 97
120 6611200 97
120 6612560 97
120 6613920 97
120 6615280 97
120 6616640 97
120 6618000 97
120 6619360 97
120 6620720 97
120 6622080 97
120 6623440 97
120 6624828 97
120 6626160 97
120 6627520 97
120 6628880 97
120 6630240 97
120 6631600 97
120 6632960 97
120 6634320 97
120 6635680 97
120 6637040 97
120 6638400 97
120 6639760 97
120 6641120 97
120 6642480 97
120 6643852 97
120 6645200 97
120 6646560 97
120 6647920 97
120 6649288 97
120 6650640 97
120 6652000 97
120 6653360 97
120 6654720 97
120 6656080 97
120 6657440 97
120 6658800 97
120 6660160 97
120 6661520 97
120 6662880 97
120 6664240 97
120 6665600 97
120 6666960 97
120 6668324 97
120 6669680 97
120 6671040 97
120 6672404 97
120 6673760 97
120 6675120 97
120 6676480 97
120 6677840 97
120 6679200 97
120 6680560 97
120 6681920 97
120 6683280 97
120 6684640 97
120 6686000 97
120 6687360 97
120 6688720 97
120 6690080 97
120 6691440 97
120 6692800 97
120 6694160 97
120 6695520 97
120 6696880 97
120 6698240 97
120 6699600 97
120 6700960 97
120 6702320 97
120 6703680 97
120 6705040 97
120 6706420 97
120 6707760 97
120 6709120 97
120 6710480 97
120 6711840 97
120 6713200 97
120 6714560 97
120 6715920 97
120 6717280 97
120 6718648 97
120 6720000 97
120 6721360 97
120 6722720 97
120 6724080 97
120 6725440 97
120 6726800 97
120 6728160 97
120 6729520 97
120 6730880 97
120 6732240 97
120 6733600 97
120 6734960 97
120 6736320 97
120 6737680 97
120 6739040 97
120 6740400 97
120 6741760 97
120 6743120 97
120 6744480 97
120 6745840 97
120 6747200 97
120 6748560 97
120 6749920 97
120 6751280 97
120 6752640 97
120 6754000 97
120 6755364 97
120 6756720 97
120 6758080 97
120 6759444 97
120 6760800 97
120 6762160 97
120 6763520 97
120 6764884 97
120 6766240 97
120 6767600 97
120 6768960 97
120 6770320 97
120 6771680 97
120 6773040 97
120 6774400 97
120 6775760 97
120 6777120 97
120 6778480 97
120 6779840 97
120 6781200 97
120 6782560 97
120 6783920 97
120 6785280 97
120 6786640 97
120 6788000 97
120 6789360 97
120 6790720 97
120 6792080 97
120 6793440 97
120 6794800 97
120 6796160 97
120 6797520 97
120 6798880 97
120 6800240 97
120 6801600 97
120 6802960 97
120 6804320 97
120 6805680 97
120 6807040 97
120 6808400 97
120 6809760 97
120 6811120 97
120 6812480 97
120 6813840 97
120 6815200 97
120 6816560 97
120 6817920 97
120 6819280 97
120 6820640 97
120 6822000 97
120 6823360 97
120 6824720 97
120 6826080 97
120 6827440 97
120 6828800 97
120 6830160 97
120 6831520 97
120 6832880 97
120 6834240 97
120 6835600 97
120 6836960 97
120 6838320 97
120 6839680 97
120 6841040 97
120 6842404 97
120 6843760 97
120 6845120 97
120 6846484 97
120 6847840 97
120 6849200 97
120 6850560 97
120 6851920 97
120 6853280 97
120 6854640 97
120 6856000 97
120 6857360 97
120 6858720 97
120 6860080 97
120 6861440 97
120 6862800 97
120 6864160 97
120 6865520 97
120 6866880 97
120 6868240 97
120 6869600 97
120 6870960 97
120 6872320 97
120 6873680 97
120 6875040 97
120 6876400 97
120 6877760 97
120 6879120 97
120 6880480 97
120 6881840 97
120 6883200 97
120 6884560 97
120 6885920 97
120 6887280 97
120 6888640 97
120 6890000 97
120 6891360 97
120 6892720 97
120 6894080 97
120 6895440 97
120 6896800 97
120 6898160 97
120 6899528 97
120 6900880 97
120 6902240 97
120 6903600 97
120 6904960 97
120 6906320 97
120 6907680 97
120 6909040 97
120 6910400 97
120 6911760 97
120 6913120 97
120 6914480 97
120 6915840 97
120 6917200 97
120 6918560 97
120 6919932 97
120 6921280 97
120 6922640 97
120 6924000 97
120 6925360 97
120 6926720 97
120 6928080 97
120 6929464 97
120 6930800 97
120 6932160 97
120 6933524 97
120 6934880 97
120 6936240 97
120 6937600 97
120 6938960 97
120 6940320 97
120 6941680 97
120 6943040 97
120 6944400 97
120 6945760 97
120 6947120 97
120 6948480 97
120 6949840 97
120 6951200 97
120 6952560 97
120 6953920 97
120 6955280 97
120 6956640 97
120 6958000 97
120 6959360 97
120 6960720 97
120 6962080 97
120 6963440 97
120 6964800 97
120 6966160 97
120 6967520 97
120 6968880 97
120 6970240 97
120 6971600 97
120 6972968 97
120 6974320 97
120 6975680 97
120 6977040 97
120 6978400 97
120 6979760 97
120 6981120 97
120 6982480 97
120 6983840 97
120 6985200 97
120 6986560 97
120 6987920 97
120 6989280 97
120 6990640 97
120 6992000 97
120 6993368 97
120 6994720 97
120 6996080 97
120 6997440 97
120 6998800 97
120 7000160 97
120 7001520 97
120 7002880 97
120 7004240 97
120 7005600 97
120 7006960 97
