80 3009016 0
80 3009780 0
80 3010460 0
80 3011152 0
80 3011840 0
80 3012524 0
80 3013220 0
80 3013908 0
80 3014592 0
80 3015280 0
80 3016044 0
80 3017232 0
80 3018424 0
80 3019612 0
80 3020812 0
80 3021992 0
80 3023184 0
80 3024372 0
80 3025564 0
80 3026752 0
80 3027944 0
80 3029132 0
80 3030324 0
51198 zero1
80 3031512 0
80 3033808 0
80 3035000 0
80 3036196 0
80 3037380 0
80 3038568 0
80 3039760 0
80 3040948 0
80 3042140 0
80 3043336 0
80 3044520 0
80 3045708 0
80 3046900 0
80 3048088 0
80 3049280 0
80 3050468 0
80 3051660 0
80 3052848 0
80 3054040 0
80 3055228 0
80 3056420 0
80 3057608 0
80 3058800 0
80 3059988 35
80 3061264 35
80 3062540 35
80 3063820 35
80 3065088 35
80 3066364 35
80 3067640 35
80 3068912 35
80 3070188 35
80 3071464 35
80 3072740 35
80 3074012 35
80 3075288 35
80 3076564 35
80 3077840 35
80 3079112 35
80 3080388 35
80 3081664 35
80 3082940 39
80 3084212 39
80 3085488 39
80 3086764 39
80 3088040 39
80 3089312 39
80 3090588 39
80 3091864 39
80 3093140 39
80 3094412 39
80 3095688 39
80 3096964 39
80 3098240 39
80 3099512 39
80 3100788 39
80 3102064 39
80 3103340 39
80 3104612 40
80 3105888 40
80 3107164 40
80 3108440 40
80 3109712 40
80 3110988 40
80 3112264 40
80 3113540 40
80 3114812 40
80 3116088 40
80 3117364 40
80 3118640 40
80 3119912 40
80 3121192 40
80 3122464 40
80 3123740 40
80 3125012 42
80 3126296 42
80 3127564 42
80 3128840 42
80 3130112 42
80 3131388 42
80 3132664 42
80 3133940 42
80 3135212 42
80 3136488 42
80 3137764 42
80 3139040 42
80 3140312 42
80 3141588 42
80 3142864 42
80 3144140 42
80 3145412 42
80 3146688 43
80 3147964 43
80 3149240 43
80 3150512 43
80 3151788 43
80 3153064 43
80 3154340 43
80 3155612 43
80 3156888 43
80 3158164 43
80 3159440 43
80 3160712 43
80 3161988 43
80 3163264 43
80 3164540 43
80 3165812 43
80 3167088 44
80 3168364 44
80 3169640 44
80 3170912 44
80 3172188 44
80 3173464 44
80 3174740 44
80 3176012 44
80 3177288 44
80 3178564 44
80 3179840 44
80 3181112 44
80 3182388 44
80 3183664 44
80 3184940 44
80 3186212 44
80 3187488 44
80 3188772 44
80 3190040 44
80 3191312 44
80 3192588 44
80 3193872 44
80 3195140 44
80 3196412 44
80 3197688 44
80 3198964 44
80 3200240 44
80 3201512 44
80 3202788 44
80 3204064 44
80 3205340 44
80 3206612 44
80 3207888 45
80 3209164 45
80 3210440 45
80 3211712 45
80 3212988 45
80 3214264 45
80 3215540 45
80 3216812 45
80 3218088 45
80 3219364 45
80 3220640 45
80 3221912 45
80 3223188 45
80 3224464 45
80 3225740 45
80 3227012 45
80 3228288 45
80 3229564 45
80 3230840 45
80 3232112 45
80 3233388 45
80 3234664 45
80 3235940 45
80 3237212 45
80 3238488 45
80 3239764 45
80 3241040 45
80 3242312 45
80 3243588 45
80 3244864 45
80 3246140 45
80 3247412 45
80 3248688 46
80 3249964 46
80 3251240 46
80 3252512 46
80 3253788 46
80 3255064 46
80 3256344 46
80 3257612 46
80 3258888 46
80 3260164 46
80 3261440 46
80 3262712 46
80 3263988 46
80 3265292 46
80 3266540 46
80 3267812 46
80 3269088 47
80 3270364 47
80 3271640 47
80 3272912 47
80 3274188 47
80 3275464 47
80 3276740 47
80 3278012 47
80 3279288 47
80 3280564 47
80 3281840 47
80 3283112 47
80 3284388 47
80 3285664 47
80 3286940 47
80 3288212 48
80 3289488 48
80 3290764 48
80 3292040 48
80 3293312 48
80 3294588 48
80 3295864 48
80 3297140 48
80 3298412 48
80 3299688 48
80 3300964 48
80 3302240 48
80 3303512 48
80 3304788 48
80 3306064 48
80 3307340 48
80 3308628 48
80 3309888 48
80 3311164 48
80 3312440 48
80 3313712 48
80 3314988 48
80 3316264 48
80 3317540 48
80 3318820 48
80 3320088 48
80 3321364 48
80 3322640 48
80 3323920 48
80 3325188 48
80 3326464 48
80 3327740 48
80 3329012 49
80 3330288 49
80 3331564 49
80 3332844 49
80 3334112 49
80 3335388 49
80 3336664 49
80 3337940 49
80 3339212 49
80 3340488 49
80 3341764 49
80 3343040 49
80 3344312 49
80 3345588 49
80 3346864 49
80 3348140 49
80 3349412 49
80 3350688 49
80 3351964 49
80 3353240 49
80 3354512 49
80 3355788 49
80 3357064 49
80 3358340 49
80 3359612 49
80 3360888 49
80 3362184 49
80 3363440 49
80 3364712 49
80 3365988 49
80 3367264 49
80 3368540 49
80 3369812 49
80 3371088 49
80 3372368 49
80 3373640 49
80 3374912 49
80 3376188 49
80 3377464 49
80 3378740 49
80 3380012 49
80 3381288 49
80 3382564 49
80 3383840 49
80 3385112 49
80 3386396 49
80 3387664 49
80 3388940 49
80 3390212 49
80 3391496 49
80 3392764 49
80 3394040 49
80 3395312 49
80 3396588 49
80 3397864 49
80 3399140 49
80 3400412 49
80 3401688 49
80 3402964 49
80 3404240 49
80 3405512 49
80 3406820 49
80 3408064 49
80 3409348 49
80 3410612 49
80 3411888 49
80 3413164 49
80 3414440 49
80 3415712 49
80 3416988 49
80 3418264 49
80 3419540 49
80 3420812 49
80 3422088 49
80 3423364 49
80 3424640 49
80 3425912 49
80 3427188 49
80 3428464 49
80 3429740 49
80 3431012 49
80 3432288 49
80 3433564 49
80 3434840 49
80 3436112 49
80 3437388 49
80 3438664 49
80 3439940 49
80 3441212 49
80 3442488 49
80 3443796 49
80 3445040 49
80 3446312 49
80 3447588 49
80 3448868 49
80 3450140 49
80 3451412 49
80 3452688 49
80 3453968 49
80 3455240 49
80 3456512 49
80 3457788 49
80 3459064 49
80 3460340 49
80 3461612 49
80 3462888 49
80 3464168 49
80 3465440 49
80 3466712 49
80 3467988 49
80 3469264 49
80 3470540 49
80 3471812 49
80 3473088 49
80 3474364 49
80 3475640 49
80 3476912 49
80 3478188 49
80 3479464 49
80 3480740 49
80 3482012 49
80 3483288 49
80 3484564 49
80 3485840 49
80 3487112 49
80 3488388 49
80 3489664 49
80 3490940 49
80 3492212 49
80 3493488 49
80 3494764 49
80 3496040 49
80 3497312 49
80 3498588 49
80 3499864 49
80 3501140 49
80 3502412 49
80 3503688 49
80 3504964 49
80 3506240 49
80 3507512 49
80 3508788 49
80 3510064 49
80 3511340 49
80 3512612 49
80 3513888 49
80 3515172 49
80 3516444 49
80 3517712 49
80 3518988 49
80 3520268 49
80 3521544 49
80 3522812 49
80 3524088 49
80 3525392 49
80 3526640 49
80 3527912 49
80 3529188 49
80 3530464 49
80 3531740 49
80 3533012 49
80 3534288 49
80 3535564 49
80 3536840 49
80 3538112 49
80 3539388 49
80 3540664 49
80 3541940 49
80 3543212 49
80 3544488 49
80 3545768 49
80 3547040 49
80 3548312 49
80 3549588 49
80 3550864 49
80 3552140 49
80 3553412 49
80 3554688 49
80 3555964 49
80 3557240 49
80 3558512 49
80 3559788 49
80 3561064 49
80 3562340 49
80 3563612 49
80 3564888 49
80 3566164 49
80 3567440 49
80 3568712 49
80 3569988 49
80 3571264 49
80 3572540 49
80 3573812 49
80 3575088 49
80 3576364 49
80 3577640 49
80 3578920 49
80 3580188 49
80 3581464 49
80 3582740 49
80 3584020 49
80 3585288 49
80 3586564 49
80 3587840 49
80 3589112 49
80 3590388 49
80 3591664 49
80 3592940 49
80 3594212 49
80 3595492 49
80 3596764 49
80 3598040 49
80 3599312 49
80 3600588 49
80 3601864 49
80 3603140 49
80 3604412 49
80 3605688 49
80 3606968 49
80 3608240 49
80 3609512 49
80 3610788 49
80 3612064 49
80 3613340 49
80 3614612 49
80 3615888 49
80 3617164 49
80 3618440 49
80 3619712 49
80 3620988 49
80 3622280 49
80 3623540 49
80 3624812 49
80 3626088 49
80 3627364 49
80 3628640 49
80 3629912 49
80 3631188 49
80 3632464 49
80 3633740 49
80 3635012 49
80 3636288 49
80 3637564 49
80 3638840 49
80 3640112 49
80 3641388 49
80 3642664 49
80 3643940 49
80 3645212 49
80 3646496 49
80 3647764 49
80 3649040 49
80 3650312 49
80 3651596 49
80 3652864 49
80 3654140 49
80 3655412 49
80 3656688 49
80 3657964 49
80 3659240 49
80 3660512 49
80 3661788 49
80 3663064 49
80 3664340 49
80 3665612 49
80 3666920 49
80 3668164 49
80 3669440 49
80 3670720 49
80 3671988 49
80 3673264 49
80 3674540 49
80 3675812 49
80 3677088 49
80 3678364 49
80 3679640 49
80 3680912 49
80 3682188 49
80 3683464 49
80 3684740 49
80 3686012 49
80 3687288 49
80 3688564 49
80 3689840 49
80 3691112 49
80 3692388 49
80 3693664 49
80 3694940 49
80 3696220 49
80 3697488 49
80 3698764 49
80 3700040 49
80 3701312 49
80 3702588 49
80 3703892 49
80 3705140 49
80 3706412 49
80 3707692 49
80 3708968 49
80 3710240 49
80 3711512 49
80 3712788 49
80 3714068 49
80 3715340 49
80 3716612 49
80 3717888 49
80 3719164 49
80 3720440 49
80 3721712 49
80 3722988 49
80 3724264 49
80 3725540 49
80 3726812 49
80 3728088 49
80 3729364 49
80 3730640 49
80 3731912 49
80 3733188 49
80 3734464 49
80 3735740 49
80 3737012 49
80 3738288 49
80 3739564 49
80 3740840 49
80 3742112 49
80 3743388 49
80 3744664 49
80 3745940 49
80 3747212 49
80 3748488 49
80 3749764 49
80 3751040 49
80 3752312 49
80 3753588 49
80 3754864 49
80 3756140 49
80 3757412 49
80 3758688 49
80 3759964 49
80 3761240 49
80 3762512 49
80 3763788 49
80 3765064 49
80 3766340 49
80 3767612 49
80 3768888 49
80 3770164 49
80 3771440 49
80 3772712 49
80 3773988 49
80 3775264 49
80 3776544 49
80 3777812 49
80 3779088 49
80 3780364 49
80 3781644 49
80 3782912 49
80 3784188 49
80 3785468 49
80 3786740 49
80 3788012 49
80 3789288 49
80 3790564 49
80 3791840 49
80 3793112 49
80 3794388 49
80 3795664 49
80 3796940 49
80 3798212 49
80 3799488 49
80 3800764 49
80 3802040 49
80 3803312 49
80 3804588 49
80 3805864 49
80 3807140 49
80 3808436 49
80 3809688 49
80 3810964 49
80 3812240 49
80 3813512 49
80 3814788 49
80 3816064 49
80 3817340 49
80 3818612 49
80 3819888 49
80 3821164 49
80 3822440 49
80 3823712 49
80 3824988 49
80 3826264 49
80 3827540 49
80 3828812 49
80 3830088 49
80 3831364 49
80 3832640 49
80 3833912 49
80 3835188 49
80 3836464 49
80 3837740 49
80 3839016 49
80 3840288 49
80 3841564 49
80 3842840 49
80 3844128 49
80 3845388 49
80 3846664 49
80 3847940 49
80 3849212 49
80 3850488 49
80 3851764 49
80 3853040 49
80 3854312 49
80 3855588 49
80 3856864 49
80 3858140 49
80 3859412 49
80 3860688 49
80 3861964 49
80 3863240 49
80 3864512 49
80 3865788 49
80 3867064 49
80 3868340 49
80 3869612 49
80 3870888 49
80 3872164 49
80 3873440 49
80 3874712 49
80 3875988 49
80 3877264 49
80 3878540 49
80 3879812 49
80 3881088 49
80 3882364 49
80 3883640 49
80 3884912 49
80 3886188 49
80 3887464 49
80 3888740 49
80 3890012 49
80 3891288 49
80 3892564 49
80 3893840 49
80 3895112 49
80 3896388 49
80 3897664 49
80 3898940 49
80 3900212 49
80 3901488 49
80 3902764 49
80 3904040 49
80 3905312 49
80 3906596 49
80 3907864 49
80 3909140 49
80 3910412 49
80 3911696 49
80 3912964 49
80 3914240 49
80 3915512 49
80 3916788 49
80 3918064 49
80 3919340 49
80 3920612 49
80 3921888 49
80 3923164 49
80 3924440 49
80 3925712 49
80 3927008 49
80 3928264 49
80 3929540 49
80 3930812 49
80 3932088 49
80 3933364 49
80 3934640 49
80 3935912 49
80 3937188 49
80 3938464 49
80 3939740 49
80 3941012 49
80 3942288 49
80 3943564 49
80 3944848 49
80 3946112 49
80 3947388 49
80 3948664 49
80 3949940 49
80 3951212 49
80 3952488 49
80 3953764 49
80 3955040 49
80 3956312 49
80 3957588 49
80 3958864 49
80 3960140 49
80 3961412 49
80 3962688 49
80 3963972 49
80 3965240 49
80 3966512 49
80 3967788 49
80 3969064 49
80 3970340 49
80 3971612 49
80 3972888 49
80 3974168 49
80 3975440 49
80 3976712 49
80 3977988 49
80 3979272 49
80 3980540 49
80 3981812 49
80 3983088 49
80 3984364 49
80 3985640 49
80 3986912 49
80 3988188 49
80 3989464 49
80 3990740 49
80 3992012 49
80 3993288 49
80 3994564 49
80 3995840 49
80 3997112 49
80 3998388 49
80 3999664 49
80 4000940 49
80 4002212 49
80 4003488 49
80 4004764 49
80 4006040 49
80 4007312 49
80 4008588 49
80 4009864 49
80 4011140 49
80 4012412 49
80 4013688 49
80 4014964 49
80 4016240 49
80 4017512 49
80 4018788 49
80 4020064 49
80 4021340 49
80 4022612 49
80 4023888 49
80 4025164 49
80 4026440 49
80 4027712 49
80 4028988 49
80 4030264 49
80 4031540 49
80 4032812 49
80 4034088 49
80 4035376 49
80 4036644 49
80 4037912 49
80 4039188 49
80 4040464 49
80 4041744 49
80 4043012 49
80 4044288 49
80 4045564 49
80 4046840 49
80 4048112 49
80 4049388 49
80 4050664 49
80 4051940 49
80 4053212 49
80 4054488 49
80 4055764 49
80 4057040 49
80 4058312 49
80 4059588 49
80 4060864 49
80 4062140 49
80 4063412 49
80 4064688 49
80 4065964 49
80 4067240 49
80 4068524 49
80 4069788 49
80 4071064 49
80 4072340 49
80 4073612 49
80 4074888 49
80 4076164 49
80 4077440 49
80 4078712 49
80 4079988 49
80 4081264 49
80 4082540 49
80 4083812 49
80 4085088 49
80 4086364 49
80 4087640 49
80 4088912 49
80 4090188 49
80 4091464 49
80 4092740 49
80 4094012 49
80 4095288 49
80 4096564 49
80 4097840 49
80 4099112 49
80 4100388 49
80 4101664 49
80 4102940 49
80 4104220 49
80 4105488 49
80 4106764 49
80 4108040 49
80 4109320 49
80 4110588 49
80 4111864 49
80 4113140 49
80 4114412 49
80 4115688 49
80 4116964 49
80 4118240 49
80 4119512 49
80 4120788 49
80 4122064 49
80 4123340 49
80 4124612 49
80 4125888 49
80 4127164 49
80 4128440 49
80 4129712 49
80 4130988 49
80 4132264 49
80 4133540 49
80 4134812 49
80 4136088 49
80 4137364 49
80 4138640 49
80 4139912 49
80 4141188 49
80 4142464 49
80 4143740 49
80 4145012 49
80 4146288 49
80 4147564 49
80 4148840 49
80 4150112 49
80 4151388 49
80 4152664 49
80 4153940 49
80 4155212 49
80 4156488 49
80 4157764 49
80 4159040 49
80 4160312 49
80 4161588 49
80 4162864 49
80 4164140 49
80 4165412 49
80 4166696 49
80 4167964 49
80 4169240 49
80 4170512 49
80 4171796 49
80 4173064 49
80 4174340 49
80 4175612 49
80 4176888 49
80 4178164 49
80 4179440 49
80 4180712 49
80 4181988 49
80 4183264 49
80 4184540 49
80 4185812 49
80 4187088 49
80 4188364 49
80 4189640 49
80 4190920 49
80 4192188 49
80 4193464 49
80 4194740 49
80 4196012 49
80 4197288 49
80 4198564 49
80 4199840 49
80 4201112 49
80 4202392 49
80 4203664 49
80 4204940 49
80 4206212 49
80 4207488 49
80 4208764 49
80 4210040 49
80 4211312 49
80 4212588 49
80 4213864 49
80 4215140 49
80 4216412 49
80 4217688 49
80 4218964 49
80 4220240 49
80 4221512 49
80 4222788 49
80 4224068 49
80 4225340 49
80 4226612 49
80 4227888 49
80 4229164 49
80 4230440 49
80 4231712 49
80 4232988 49
80 4234268 49
80 4235540 49
80 4236812 49
80 4238088 49
80 4239368 49
80 4240640 49
80 4241912 49
80 4243188 49
80 4244464 49
80 4245740 49
80 4247012 49
80 4248288 49
80 4249564 49
80 4250840 49
80 4252112 49
80 4253388 49
80 4254664 49
80 4255940 49
80 4257212 49
80 4258488 49
80 4259764 49
80 4261040 49
80 4262312 49
80 4263588 49
80 4264864 49
80 4266140 49
80 4267412 49
80 4268692 49
80 4269964 49
80 4271240 49
80 4272512 49
80 4273788 49
80 4275064 49
80 4276340 49
80 4277612 49
80 4278888 49
80 4280164 49
80 4281440 49
80 4282720 49
80 4283988 49
80 4285264 49
80 4286540 49
80 4287812 49
80 4289088 49
80 4290364 49
80 4291640 49
80 4292912 49
80 4294188 49
80 4295464 49
80 4296744 49
80 4298012 49
80 4299288 49
80 4300564 49
80 4301844 49
80 4303112 49
80 4304388 49
80 4305664 49
80 4306940 49
80 4308212 49
80 4309488 49
80 4310764 49
80 4312040 49
80 4313312 49
80 4314588 49
80 4315864 49
80 4317140 49
80 4318412 49
80 4319688 49
80 4320964 49
80 4322240 49
80 4323512 49
80 4324788 49
80 4326064 49
80 4327340 49
80 4328612 49
80 4329888 49
80 4331164 49
80 4332440 49
80 4333712 49
80 4334988 49
80 4336264 49
80 4337540 49
80 4338820 49
80 4340088 49
80 4341364 49
80 4342640 49
80 4343912 49
80 4345188 49
80 4346464 49
80 4347740 49
80 4349012 49
80 4350292 49
80 4351564 49
80 4352840 49
80 4354112 49
80 4355388 49
80 4356664 49
80 4357940 49
80 4359212 49
80 4360488 49
80 4361764 49
80 4363040 49
80 4364324 49
80 4365620 49
80 4366864 49
80 4368140 49
80 4369420 49
80 4370688 49
80 4371964 49
80 4373240 49
80 4374512 49
80 4375792 49
80 4377064 49
80 4378340 49
80 4379612 49
80 4380888 49
80 4382164 49
80 4383440 49
80 4384712 49
80 4385988 49
80 4387264 49
80 4388540 49
80 4389812 49
80 4391088 49
80 4392364 49
80 4393640 49
80 4394912 49
80 4396188 49
80 4397476 49
80 4398740 49
80 4400012 49
80 4401288 49
80 4402564 49
80 4403840 49
80 4405112 49
80 4406388 49
80 4407664 49
80 4408940 49
80 4410212 49
80 4411488 49
80 4412764 49
80 4414040 49
80 4415312 49
80 4416588 49
80 4417864 49
80 4419140 49
80 4420412 49
80 4421696 49
80 4422964 49
80 4424240 49
80 4425512 49
80 4426792 49
80 4428064 49
80 4429340 49
80 4430612 49
80 4431896 49
80 4433164 49
80 4434440 49
80 4435712 49
80 4436988 49
80 4438264 49
80 4439540 49
80 4440812 49
80 4442088 49
80 4443364 49
80 4444640 49
80 4445912 49
80 4447188 49
80 4448464 49
80 4449740 49
80 4451012 49
80 4452288 49
80 4453564 49
80 4454840 49
80 4456112 49
80 4457388 49
80 4458664 49
80 4459940 49
80 4461212 49
80 4462508 49
80 4463764 49
80 4465040 49
80 4466312 49
80 4467588 49
80 4468864 49
80 4470140 49
80 4471412 49
80 4472688 49
80 4473964 49
80 4475240 49
80 4476512 49
80 4477796 49
80 4479064 49
80 4480340 49
80 4481612 49
80 4482888 49
80 4484164 49
80 4485444 49
80 4486712 49
80 4487988 49
80 4489264 49
80 4490540 49
80 4491812 49
80 4493088 49
80 4494372 49
80 4495640 49
80 4496912 49
80 4498188 49
80 4499468 49
80 4500740 49
80 4502012 49
80 4503288 49
80 4504564 49
80 4505840 49
80 4507144 49
80 4508388 49
80 4509664 49
80 4510944 49
80 4512212 49
80 4513488 49
80 4514764 49
80 4516040 49
80 4517312 49
80 4518588 49
80 4519864 49
80 4521140 49
80 4522420 49
80 4523688 49
80 4524964 49
80 4526240 49
80 4527512 49
80 4528788 49
80 4530064 49
80 4531340 49
80 4532612 49
80 4533888 49
80 4535164 49
80 4536444 49
80 4537712 49
80 4538988 49
80 4540264 49
80 4541540 49
80 4542812 49
80 4544120 49
80 4545364 49
80 4546640 49
80 4547912 49
80 4549188 49
80 4550464 49
80 4551740 49
80 4553012 49
80 4554288 49
80 4555564 49
80 4556840 49
80 4558112 49
80 4559388 49
80 4560664 49
80 4561944 49
80 4563212 49
80 4564488 49
80 4565764 49
80 4567044 49
80 4568312 49
80 4569588 49
80 4570864 49
80 4572140 49
80 4573412 49
80 4574688 49
80 4575964 49
80 4577240 49
80 4578512 49
80 4579788 49
80 4581064 49
80 4582340 49
80 4583612 49
80 4584888 49
80 4586164 49
80 4587440 49
80 4588712 49
80 4589988 49
80 4591264 49
80 4592540 49
80 4593812 49
80 4595088 49
80 4596364 49
80 4597640 49
80 4598912 49
80 4600188 49
80 4601464 49
80 4602740 49
80 4604012 49
80 4605288 49
80 4606564 49
80 4607840 49
80 4609112 49
80 4610388 49
80 4611664 49
80 4612940 49
80 4614212 49
80 4615488 49
80 4616764 49
80 4618040 49
80 4619312 49
80 4620588 49
80 4621864 49
80 4623140 49
80 4624420 49
80 4625716 49
80 4626964 49
80 4628240 49
80 4629520 49
80 4630788 49
80 4632064 49
80 4633340 49
80 4634612 49
80 4635888 49
80 4637164 49
80 4638440 49
80 4639712 49
80 4640988 49
80 4642264 49
80 4643540 49
80 4644812 49
80 4646088 49
80 4647364 49
80 4648640 49
80 4649912 49
80 4651188 49
80 4652464 49
80 4653740 49
80 4655012 49
80 4656288 49
80 4657564 49
80 4658840 49
80 4660112 49
80 4661388 49
80 4662664 49
80 4663940 49
80 4665212 49
80 4666488 49
80 4667764 49
80 4669040 49
80 4670312 49
80 4671588 49
80 4672864 49
80 4674140 49
80 4675412 49
80 4676688 49
80 4677964 49
80 4679240 49
80 4680512 49
80 4681788 49
80 4683064 49
80 4684340 49
80 4685612 49
80 4686888 49
80 4688164 49
80 4689440 49
80 4690712 49
80 4691996 49
80 4693264 49
80 4694540 49
80 4695812 49
80 4697096 49
80 4698364 49
80 4699640 49
80 4700912 49
80 4702188 49
80 4703464 49
80 4704740 49
80 4706012 49
80 4707288 49
80 4708564 49
80 4709840 49
80 4711112 49
80 4712388 49
80 4713664 49
80 4714940 49
80 4716212 49
80 4717488 49
80 4718764 49
80 4720040 49
80 4721312 49
80 4722604 49
80 4723864 49
80 4725140 49
80 4726412 49
80 4727688 49
80 4728964 49
80 4730240 49
80 4731512 49
80 4732788 49
80 4734064 49
80 4735340 49
80 4736612 49
80 4737888 49
80 4739164 49
80 4740440 49
80 4741712 49
80 4742988 49
80 4744264 49
80 4745540 49
80 4746812 49
80 4748088 49
80 4749364 49
80 4750640 49
80 4751912 49
80 4753188 49
80 4754468 49
80 4755740 49
80 4757012 49
80 4758288 49
80 4759568 49
80 4760840 49
80 4762112 49
80 4763388 49
80 4764664 49
80 4765940 49
80 4767244 49
80 4768488 49
80 4769764 49
80 4771040 49
80 4772312 49
80 4773588 49
80 4774864 49
80 4776140 49
80 4777412 49
80 4778688 49
80 4779964 49
80 4781240 49
80 4782512 49
80 4783788 49
80 4785064 49
80 4786340 49
80 4787612 49
80 4788888 49
80 4790164 49
80 4791440 49
80 4792712 49
80 4793988 49
80 4795264 49
80 4796540 49
80 4797812 49
80 4799088 49
80 4800364 49
80 4801640 49
80 4802912 49
80 4804216 49
80 4805464 49
80 4806740 49
80 4808012 49
80 4809288 49
80 4810564 49
80 4811840 49
80 4813112 49
80 4814388 49
80 4815664 49
80 4816940 49
80 4818212 49
80 4819488 49
80 4820764 49
80 4822044 49
80 4823312 49
80 4824588 49
80 4825864 49
80 4827144 49
80 4828412 49
80 4829688 49
80 4830964 49
80 4832240 49
80 4833512 49
80 4834788 49
80 4836064 49
80 4837340 49
80 4838612 49
80 4839888 49
80 4841164 49
80 4842440 49
80 4843712 49
80 4844988 49
80 4846264 49
80 4847540 49
80 4848812 49
80 4850088 49
80 4851364 49
80 4852640 49
80 4853912 49
80 4855188 49
80 4856464 49
80 4857740 49
80 4859012 49
80 4860288 49
80 4861564 49
80 4862840 49
80 4864112 49
80 4865388 49
80 4866664 49
80 4867940 49
80 4869212 49
80 4870488 49
80 4871764 49
80 4873040 49
80 4874312 49
80 4875588 49
80 4876864 49
80 4878140 49
80 4879412 50
80 4880688 50
80 4881964 50
80 4883240 50
80 4884520 50
80 4885792 50
80 4887064 50
80 4888340 50
80 4889620 50
80 4890888 50
80 4892164 50
80 4893440 50
80 4894712 50
80 4895988 50
80 4897264 50
80 4898540 50
80 4899812 50
80 4901088 50
80 4902364 50
80 4903640 50
80 4904912 50
80 4906188 50
80 4907464 50
80 4908760 50
80 4910012 50
80 4911288 50
80 4912564 50
80 4913840 50
80 4915112 50
80 4916388 50
80 4917664 50
80 4918940 50
80 4920212 50
80 4921488 50
80 4922764 50
80 4924040 50
80 4925312 50
80 4926588 50
80 4927864 50
80 4929140 50
80 4930412 50
80 4931688 50
80 4932964 50
80 4934240 50
80 4935512 50
80 4936788 50
80 4938064 50
80 4939340 50
80 4940612 50
80 4941888 50
80 4943164 50
80 4944440 50
80 4945712 50
80 4946988 50
80 4948264 50
80 4949540 50
80 4950812 50
80 4952096 50
80 4953364 50
80 4954640 50
80 4955912 50
80 4957196 50
80 4958464 50
80 4959740 50
80 4961012 50
80 4962288 50
80 4963564 50
80 4964840 50
80 4966112 50
80 4967388 50
80 4968664 50
80 4969940 50
80 4971212 50
80 4972488 50
80 4973764 50
80 4975040 50
80 4976312 50
80 4977588 50
80 4978864 50
80 4980140 50
80 4981412 50
80 4982688 50
80 4983964 50
80 4985240 50
80 4986512 50
80 4987788 50
80 4989064 50
80 4990340 50
80 4991612 50
80 4992888 50
80 4994164 50
80 4995440 50
80 4996712 50
80 4997988 50
80 4999264 50
80 5000540 50
80 5001812 50
80 5003088 50
80 5004368 50
80 5005640 50
80 5006912 50
80 5008188 50
100 5009480 50
100 5010824 50
100 5012188 50
100 5013548 50
100 5014904 50
100 5016264 50
100 5017632 50
100 5018984 50
100 5020344 50
100 5021712 50
100 5023072 50
100 5024424 50
100 5025820 50
100 5027144 50
100 5028504 50
100 5029864 50
100 5031224 50
100 5032584 50
100 5033944 50
100 5035304 50
100 5036664 50
100 5038024 50
100 5039384 50
100 5040744 50
100 5042104 50
100 5043464 50
100 5044824 50
100 5046184 50
100 5047544 50
100 5048904 50
100 5050264 52
100 5051624 52
100 5052984 52
100 5054344 52
100 5055704 52
100 5057064 52
100 5058424 52
100 5059784 52
100 5061144 52
100 5062508 52
100 5063864 52
100 5065224 53
100 5066584 53
100 5067944 53
100 5069304 53
100 5070664 53
100 5072024 53
100 5073384 53
100 5074744 53
100 5076104 53
100 5077464 53
100 5078824 55
100 5080184 55
100 5081544 55
100 5082904 55
100 5084296 55
100 5085624 55
100 5086984 55
100 5088344 55
100 5089704 55
100 5091064 55
100 5092424 57
100 5093784 57
100 5095148 57
100 5096504 57
100 5097864 57
100 5099224 57
100 5100584 57
100 5101944 57
100 5103304 57
100 5104672 57
100 5106024 59
100 5107384 59
100 5108752 59
100 5110104 59
100 5111464 59
100 5112824 59
100 5114184 59
100 5115544 59
100 5116904 59
100 5118264 59
100 5119624 62
100 5120984 62
100 5122344 62
100 5123704 62
100 5125064 62
100 5126424 62
100 5127784 62
100 5129144 62
100 5130504 62
100 5131864 62
100 5133224 64
100 5134584 64
100 5135944 64
100 5137304 64
100 5138664 64
100 5140024 64
100 5141384 64
100 5142744 64
100 5144104 64
100 5145464 64
100 5146824 67
100 5148184 67
100 5149544 67
100 5150904 67
100 5152264 67
100 5153624 67
100 5154988 67
100 5156344 67
100 5157704 67
100 5159064 67
100 5160424 70
100 5161784 70
100 5163144 70
100 5164504 70
100 5165876 70
100 5167224 70
100 5168584 70
100 5169944 70
100 5171304 70
100 5172668 70
100 5174024 72
100 5175384 72
100 5176744 72
100 5178104 72
100 5179464 72
100 5180824 72
100 5182184 72
100 5183544 72
100 5184904 72
100 5186264 72
100 5187624 73
100 5188984 73
100 5190344 73
100 5191712 73
100 5193064 73
100 5194424 73
100 5195792 73
100 5197144 73
100 5198504 73
100 5199864 73
100 5201224 73
100 5202584 73
100 5203944 73
100 5205304 73
100 5206664 73
100 5208024 73
100 5209384 73
100 5210744 73
100 5212104 73
100 5213464 74
100 5214824 74
100 5216184 74
100 5217544 74
100 5218904 74
100 5220268 74
100 5221624 74
100 5222984 74
100 5224344 74
100 5225704 74
100 5227064 74
100 5228424 74
100 5229784 74
100 5231144 74
100 5232504 74
100 5233864 74
100 5235228 74
100 5236584 74
100 5237944 74
100 5239304 74
100 5240664 74
100 5242024 74
100 5243384 74
100 5244744 74
100 5246104 74
100 5247464 74
100 5248848 74
100 5250184 74
100 5251544 74
100 5252912 74
100 5254264 74
100 5255624 74
100 5256984 74
100 5258344 74
100 5259708 74
100 5261064 74
100 5262424 74
100 5263784 74
100 5265144 74
100 5266504 74
100 5267864 74
100 5269224 74
100 5270584 74
100 5271944 74
100 5273304 74
100 5274664 74
100 5276024 74
100 5277384 74
100 5278752 74
100 5280104 74
100 5281464 74
100 5282832 74
100 5284184 74
100 5285544 74
100 5286904 74
100 5288264 74
100 5289624 74
100 5290984 74
100 5292344 74
100 5293704 74
100 5295064 74
100 5296424 74
100 5297784 74
100 5299144 74
100 5300504 74
100 5301864 74
100 5303224 74
100 5304584 74
100 5305944 74
100 5307308 74
100 5308664 74
100 5310024 74
100 5311384 74
100 5312744 74
100 5314104 74
100 5315464 74
100 5316824 74
100 5318184 74
100 5319544 74
100 5320904 74
100 5322264 74
100 5323624 74
100 5324984 74
100 5326344 74
100 5327704 74
100 5329064 74
100 5330424 74
100 5331788 74
100 5333144 74
100 5334504 74
100 5335864 74
100 5337224 74
100 5338584 74
100 5339944 74
100 5341304 74
100 5342668 74
100 5344024 74
100 5345384 74
100 5346744 74
100 5348104 74
100 5349464 74
100 5350824 74
100 5352184 74
100 5353544 74
100 5354904 74
100 5356264 74
100 5357624 74
100 5358984 74
100 5360344 74
100 5361704 74
100 5363064 74
100 5364424 74
100 5365792 74
100 5367144 74
100 5368504 74
100 5369872 74
100 5371224 74
100 5372584 74
100 5373944 74
100 5375304 74
100 5376672 74
100 5378032 74
100 5379384 74
100 5380744 74
100 5382104 74
100 5383464 74
100 5384824 74
100 5386184 74
100 5387544 74
100 5388912 74
100 5390264 74
100 5391624 74
100 5392984 74
100 5394344 74
100 5395704 74
100 5397064 74
100 5398424 74
100 5399784 74
100 5401144 74
100 5402504 74
100 5403864 74
100 5405224 74
100 5406584 74
100 5407944 74
100 5409304 74
100 5410664 74
100 5412024 74
100 5413384 74
100 5414744 74
100 5416104 74
100 5417464 74
100 5418824 74
100 5420184 74
100 5421544 74
100 5422904 74
100 5424264 74
100 5425624 74
100 5426984 74
100 5428344 74
100 5429704 74
100 5431064 74
100 5432424 74
100 5433784 74
100 5435144 74
100 5436504 74
100 5437864 74
100 5439224 74
100 5440584 74
100 5441944 74
100 5443304 74
100 5444664 74
100 5446024 74
100 5447384 74
100 5448744 74
100 5450104 74
100 5451464 74
100 5452832 74
100 5454184 74
100 5455544 74
100 5456920 74
100 5458272 74
100 5459624 74
100 5460984 74
100 5462344 74
100 5463704 74
100 5465064 74
100 5466424 74
100 5467784 74
100 5469144 74
100 5470504 74
100 5471864 74
100 5473224 74
100 5474584 74
100 5475944 74
100 5477304 74
100 5478664 74
100 5480024 74
100 5481384 74
100 5482744 74
100 5484104 74
100 5485464 74
100 5486824 74
100 5488184 74
100 5489544 74
100 5490904 74
100 5492264 74
100 5493624 74
100 5494984 74
100 5496344 74
100 5497704 74
100 5499064 74
100 5500424 74
100 5501784 74
100 5503144 74
100 5504504 74
100 5505864 74
100 5507224 74
100 5508584 74
100 5509944 74
100 5511304 74
100 5512664 74
100 5514024 74
100 5515384 74
100 5516744 74
100 5518104 74
100 5519464 74
100 5520824 74
100 5522184 74
100 5523544 74
100 5524904 74
100 5526264 74
100 5527624 74
100 5528984 74
100 5530344 74
100 5531704 74
100 5533064 74
100 5534424 74
100 5535784 74
100 5537144 74
100 5538504 74
100 5539872 74
100 5541232 74
100 5542584 74
100 5543952 74
100 5545304 74
100 5546664 74
100 5548024 74
100 5549384 74
100 5550744 74
100 5552104 74
100 5553464 74
100 5554824 74
100 5556184 74
100 5557544 74
100 5558904 74
100 5560264 74
100 5561624 74
100 5562984 74
100 5564344 74
100 5565704 74
100 5567064 74
100 5568424 74
100 5569784 74
100 5571144 74
100 5572504 74
100 5573864 74
100 5575224 74
100 5576584 74
100 5577944 74
100 5579304 74
100 5580664 74
100 5582024 74
100 5583384 74
100 5584744 74
100 5586104 74
100 5587496 74
100 5588824 74
100 5590184 74
100 5591544 74
100 5592904 74
100 5594264 74
100 5595624 74
100 5596984 74
100 5598344 74
100 5599704 74
100 5601064 74
100 5602424 74
100 5603784 74
100 5605144 74
100 5606504 74
100 5607864 74
100 5609224 74
100 5610584 74
100 5611944 74
100 5613304 74
100 5614664 74
100 5616024 74
100 5617384 74
100 5618744 74
100 5620104 74
100 5621464 74
100 5622848 74
100 5624184 74
100 5625544 74
100 5626912 74
100 5628264 74
100 5629624 74
100 5630992 74
100 5632344 74
100 5633704 74
100 5635064 74
100 5636424 74
100 5637784 74
100 5639144 74
100 5640504 74
100 5641864 74
100 5643224 74
100 5644584 74
100 5645944 74
100 5647304 74
100 5648664 74
100 5650024 74
100 5651384 74
100 5652744 74
100 5654104 74
100 5655464 74
100 5656824 74
100 5658184 74
100 5659544 74
100 5660904 74
100 5662264 74
100 5663624 74
100 5664984 74
100 5666344 74
100 5667704 74
100 5669064 74
100 5670424 74
100 5671784 74
100 5673144 74
100 5674504 74
100 5675864 74
100 5677224 74
100 5678584 74
100 5679944 74
100 5681304 74
100 5682664 74
100 5684024 74
100 5685384 74
100 5686744 74
100 5688104 74
100 5689464 74
100 5690824 74
100 5692184 74
100 5693544 74
100 5694904 74
100 5696264 74
100 5697624 74
100 5698984 74
100 5700344 74
100 5701704 74
100 5703064 74
100 5704456 74
100 5705784 74
100 5707144 74
100 5708504 74
100 5709864 74
100 5711224 74
100 5712584 74
100 5713952 74
100 5715304 74
100 5716664 74
100 5718032 74
100 5719384 74
100 5720744 74
100 5722104 74
100 5723464 74
100 5724824 74
100 5726184 74
100 5727544 74
100 5728904 74
100 5730264 74
100 5731624 74
100 5732984 74
100 5734344 74
100 5735704 74
100 5737064 74
100 5738424 74
100 5739784 74
100 5741144 74
100 5742504 74
100 5743864 74
100 5745224 74
100 5746584 74
100 5747944 74
100 5749304 74
100 5750664 74
100 5752024 74
100 5753384 74
100 5754752 74
100 5756104 74
100 5757464 74
100 5758824 74
100 5760184 74
100 5761544 74
100 5762916 74
100 5764264 74
100 5765624 74
100 5766984 74
100 5768344 74
100 5769704 74
100 5771064 74
100 5772424 74
100 5773784 74
100 5775144 74
100 5776504 74
100 5777864 74
100 5779224 74
100 5780584 74
100 5781944 74
100 5783304 74
100 5784664 74
100 5786056 74
100 5787384 74
100 5788744 74
100 5790104 74
100 5791464 74
100 5792824 74
100 5794184 74
100 5795544 74
100 5796904 74
100 5798264 74
100 5799624 74
100 5800992 74
100 5802344 74
100 5803704 74
100 5805072 74
100 5806424 74
100 5807784 74
100 5809144 74
100 5810504 74
100 5811864 74
100 5813224 74
100 5814584 74
100 5815944 74
100 5817304 74
100 5818664 74
100 5820024 74
100 5821384 74
100 5822744 74
100 5824104 74
100 5825464 74
100 5826824 74
100 5828184 74
100 5829544 74
100 5830904 74
100 5832264 74
100 5833628 74
100 5834984 74
100 5836344 74
100 5837704 74
100 5839064 74
100 5840424 74
100 5841784 74
100 5843144 74
100 5844520 74
100 5845864 74
100 5847224 74
100 5848584 74
100 5849944 74
100 5851304 74
100 5852664 74
100 5854024 74
100 5855384 74
100 5856744 74
100 5858104 74
100 5859464 74
100 5860824 74
100 5862184 74
100 5863544 74
100 5864904 74
100 5866268 74
100 5867624 74
100 5868984 74
100 5870344 74
100 5871704 74
100 5873064 74
100 5874424 74
100 5875784 74
100 5877144 74
100 5878504 74
100 5879864 74
100 5881224 74
100 5882584 74
100 5883944 74
100 5885304 74
100 5886664 74
100 5888032 74
100 5889384 74
100 5890744 74
100 5892112 74
100 5893464 74
100 5894824 74
100 5896184 74
100 5897544 74
100 5898904 74
100 5900264 74
100 5901624 74
100 5902984 74
100 5904344 74
100 5905704 74
100 5907064 74
100 5908424 74
100 5909784 74
100 5911144 74
100 5912504 74
100 5913864 74
100 5915224 74
100 5916588 74
100 5917944 74
100 5919304 74
100 5920664 74
100 5922024 74
100 5923384 74
100 5924744 74
100 5926104 74
100 5927464 74
100 5928824 74
100 5930184 74
100 5931544 74
100 5932904 74
100 5934264 74
100 5935624 74
100 5936984 74
100 5938344 74
100 5939704 74
100 5941064 74
100 5942424 74
100 5943784 74
100 5945144 74
100 5946504 74
100 5947864 74
100 5949224 74
100 5950584 74
100 5951944 74
100 5953304 74
100 5954664 74
100 5956024 74
100 5957384 74
100 5958744 74
100 5960104 74
100 5961464 74
100 5962824 74
100 5964184 74
100 5965544 74
100 5966904 74
100 5968264 74
100 5969624 74
100 5970984 74
100 5972344 74
100 5973704 74
100 5975072 75
100 5976424 75
100 5977792 75
100 5979152 75
100 5980504 75
100 5981864 75
100 5983224 75
100 5984584 75
100 5985944 75
100 5987304 75
100 5988664 75
100 5990024 75
100 5991384 75
100 5992744 75
100 5994104 75
100 5995468 75
100 5996824 75
100 5998184 75
100 5999544 75
100 6000904 75
100 6002268 75
100 6003624 75
100 6004984 75
100 6006344 75
100 6007704 75
100 6009088 75
100 6010424 75
100 6011784 75
100 6013144 75
100 6014504 75
100 6015868 75
100 6017224 75
100 6018584 75
100 6019944 75
100 6021304 75
100 6022664 75
100 6024024 75
100 6025384 75
100 6026744 75
100 6028120 75
100 6029464 75
100 6030824 75
100 6032184 75
100 6033544 75
100 6034912 75
100 6036264 75
100 6037624 75
100 6038984 75
100 6040344 75
100 6041704 75
100 6043064 75
100 6044424 75
100 6045784 75
100 6047144 75
100 6048504 75
100 6049864 75
100 6051224 75
100 6052584 75
100 6053944 75
100 6055304 75
100 6056664 75
100 6058024 75
100 6059384 75
100 6060744 75
100 6062116 75
100 6063464 75
100 6064824 75
100 6066192 75
100 6067544 75
100 6068904 75
100 6070264 75
100 6071624 75
100 6072984 75
100 6074344 75
100 6075704 75
100 6077064 75
100 6078424 75
100 6079784 75
100 6081144 75
100 6082504 75
100 6083864 75
100 6085224 75
100 6086584 75
100 6087944 75
100 6089304 75
100 6090664 75
100 6092024 75
100 6093384 75
100 6094744 75
100 6096104 75
100 6097464 75
100 6098824 75
100 6100184 75
100 6101544 75
100 6102904 75
100 6104264 75
100 6105624 75
100 6106984 75
100 6108344 75
100 6109704 75
100 6111072 75
100 6112424 75
100 6113784 75
100 6115148 75
100 6116504 75
100 6117864 75
100 6119224 75
100 6120584 75
100 6121944 75
100 6123304 75
100 6124664 75
100 6126024 75
100 6127384 75
100 6128744 75
100 6130104 75
100 6131464 75
100 6132828 75
100 6134184 75
100 6135544 75
100 6136904 75
100 6138264 75
100 6139624 75
100 6140984 75
100 6142344 75
100 6143704 75
100 6145064 75
100 6146424 75
100 6147784 75
100 6149152 75
100 6150504 75
100 6151864 75
100 6153232 75
100 6154584 75
100 6155944 75
100 6157304 75
100 6158664 75
100 6160024 75
100 6161388 75
100 6162744 75
100 6164104 75
100 6165464 75
100 6166824 75
100 6168188 75
100 6169544 75
100 6170904 75
100 6172264 75
100 6173624 75
100 6174984 75
100 6176344 75
100 6177704 75
100 6179064 75
100 6180424 75
100 6181784 75
100 6183144 75
100 6184504 75
100 6185864 75
100 6187224 75
100 6188584 75
100 6189944 75
100 6191304 75
100 6192664 75
100 6194024 75
100 6195384 75
100 6196744 75
100 6198104 75
100 6199464 75
100 6200824 75
100 6202184 75
100 6203544 75
100 6204904 75
100 6206264 75
100 6207656 75
100 6208984 75
100 6210344 75
100 6211704 75
100 6213064 75
100 6214424 75
100 6215784 75
100 6217144 75
100 6218504 75
100 6219864 75
100 6221224 75
100 6222584 75
100 6223944 75
100 6225304 75
100 6226664 75
100 6228024 75
100 6229384 75
100 6230744 75
100 6232104 75
100 6233464 75
100 6234824 75
100 6236192 75
100 6237544 75
100 6238904 75
100 6240272 75
100 6241624 75
100 6242984 75
100 6244344 75
100 6245704 75
100 6247064 75
100 6248424 75
100 6249784 75
100 6251144 75
100 6252504 75
100 6253864 75
100 6255224 75
100 6256584 75
100 6257944 75
100 6259304 75
100 6260664 75
100 6262024 75
100 6263384 75
100 6264744 75
100 6266104 75
100 6267464 75
100 6268824 75
100 6270184 75
100 6271544 75
100 6272904 75
100 6274264 75
100 6275624 75
100 6276984 75
100 6278344 75
100 6279704 75
100 6281080 75
100 6282424 75
100 6283784 75
100 6285144 75
100 6286504 75
100 6287864 75
100 6289224 75
100 6290584 75
100 6291944 75
100 6293304 75
100 6294664 75
100 6296024 75
100 6297384 75
100 6298744 75
100 6300104 75
100 6301464 75
100 6302824 75
100 6304184 75
100 6305544 75
100 6306904 75
100 6308264 75
100 6309624 75
100 6310984 75
100 6312344 75
100 6313704 75
100 6315064 75
100 6316424 75
100 6317784 75
100 6319144 75
100 6320504 75
100 6321864 75
100 6323232 75
100 6324584 75
100 6325944 75
100 6327312 75
100 6328664 75
100 6330024 75
100 6331384 75
100 6332744 75
100 6334104 75
100 6335464 75
100 6336824 75
100 6338184 75
100 6339544 75
100 6340904 75
100 6342264 75
100 6343624 75
100 6344984 75
100 6346344 75
100 6347724 75
100 6349064 75
100 6350424 75
100 6351784 75
100 6353144 75
100 6354504 75
100 6355864 75
100 6357224 75
100 6358584 75
100 6359944 75
100 6361304 75
100 6362664 75
100 6364024 75
100 6365384 75
100 6366744 75
100 6368104 75
100 6369464 75
100 6370824 75
100 6372184 75
100 6373544 75
100 6374904 75
100 6376264 75
100 6377624 75
100 6378984 75
100 6380344 75
100 6381704 75
100 6383084 75
100 6384424 75
100 6385784 75
100 6387144 75
100 6388504 75
100 6389864 75
100 6391224 75
100 6392584 75
100 6393944 75
100 6395304 75
100 6396664 75
100 6398024 75
100 6399384 75
100 6400744 75
100 6402104 75
100 6403464 75
100 6404824 75
100 6406216 75
100 6407544 75
100 6408904 75
100 6410272 75
100 6411624 75
100 6412984 75
100 6414352 75
100 6415704 75
100 6417072 75
100 6418424 75
100 6419784 75
100 6421144 75
100 6422504 75
100 6423864 75
100 6425224 75
100 6426584 75
100 6427944 75
100 6429304 75
100 6430664 75
100 6432024 75
100 6433384 75
100 6434744 75
100 6436104 75
100 6437464 75
100 6438824 75
100 6440184 75
100 6441544 75
100 6442904 75
100 6444264 75
100 6445624 75
100 6446984 75
100 6448344 75
100 6449704 75
100 6451064 75
100 6452424 75
100 6453784 75
100 6455144 75
100 6456504 75
100 6457864 75
100 6459224 75
100 6460584 75
100 6461944 75
100 6463304 75
100 6464696 75
100 6466024 75
100 6467388 75
100 6468744 75
100 6470104 75
100 6471464 75
100 6472824 75
100 6474184 75
100 6475544 75
100 6476904 75
100 6478264 75
100 6479624 75
100 6480984 75
100 6482344 75
100 6483704 75
100 6485064 75
100 6486424 75
100 6487788 75
100 6489144 75
100 6490504 75
100 6491864 75
100 6493224 75
100 6494584 75
100 6495944 75
100 6497312 75
100 6498664 75
100 6500024 75
100 6501392 75
100 6502744 75
100 6504104 75
100 6505464 75
100 6506824 75
100 6508184 75
100 6509544 75
100 6510904 75
100 6512264 75
100 6513624 75
100 6514984 75
100 6516344 75
100 6517704 75
100 6519064 75
100 6520424 75
100 6521784 75
100 6523144 75
100 6524504 75
100 6525864 75
100 6527224 75
100 6528584 75
100 6529944 75
100 6531304 75
100 6532664 75
100 6534024 75
100 6535384 75
100 6536744 75
100 6538104 75
100 6539464 75
100 6540824 75
100 6542184 75
100 6543544 75
100 6544904 75
100 6546288 75
100 6547624 75
100 6548984 75
100 6550344 75
100 6551704 75
100 6553064 75
100 6554424 75
100 6555784 75
100 6557144 75
100 6558504 75
100 6559864 75
100 6561224 75
100 6562584 75
100 6563944 75
100 6565304 75
100 6566664 75
100 6568024 75
100 6569384 75
100 6570744 75
100 6572104 75
100 6573464 75
100 6574824 75
100 6576184 75
100 6577544 75
100 6578904 75
100 6580264 75
100 6581624 75
100 6582984 75
100 6584352 75
100 6585704 75
100 6587064 75
100 6588432 75
100 6589784 75
100 6591144 75
100 6592504 75
100 6593864 75
100 6595224 75
100 6596584 75
100 6597944 75
100 6599304 75
100 6600664 75
100 6602024 75
100 6603384 75
100 6604748 75
100 6606104 75
100 6607464 75
100 6608824 75
100 6610184 75
100 6611544 75
100 6612904 75
100 6614264 75
100 6615624 75
100 6616984 75
100 6618344 75
100 6619704 75
100 6621064 75
100 6622424 75
100 6623784 75
100 6625144 75
100 6626504 75
100 6627864 75
100 6629224 75
100 6630584 75
100 6631944 75
100 6633304 75
100 6634664 75
100 6636024 75
100 6637384 75
100 6638748 75
100 6640104 75
100 6641464 75
100 6642824 75
100 6644184 75
100 6645548 75
100 6646904 75
100 6648264 75
100 6649624 75
100 6650984 75
100 6652344 75
100 6653704 75
100 6655064 75
100 6656424 75
100 6657784 75
100 6659144 75
100 6660504 75
100 6661864 75
100 6663224 75
100 6664584 75
100 6665944 75
100 6667316 75
100 6668664 75
100 6670024 75
100 6671392 75
100 6672744 75
100 6674104 75
100 6675472 75
100 6676824 75
100 6678184 75
100 6679544 75
100 6680904 75
100 6682264 75
100 6683624 75
100 6684984 75
100 6686344 75
100 6687704 75
100 6689064 75
100 6690424 75
100 6691784 75
100 6693144 75
100 6694504 75
100 6695868 75
100 6697224 75
100 6698584 75
100 6699944 75
100 6701304 75
100 6702664 75
100 6704024 75
100 6705384 75
100 6706744 75
100 6708104 75
100 6709464 75
100 6710824 75
100 6712184 75
100 6713544 75
100 6714904 75
100 6716264 75
100 6717624 75
100 6718984 75
100 6720344 75
100 6721704 75
100 6723064 75
100 6724424 75
100 6725784 75
100 6727144 75
100 6728508 75
100 6729864 75
100 6731224 75
100 6732584 75
100 6733944 75
100 6735304 75
100 6736664 75
100 6738024 75
100 6739384 75
100 6740744 75
100 6742104 75
100 6743464 75
100 6744824 75
100 6746184 75
100 6747544 75
100 6748904 75
100 6750264 75
100 6751624 75
100 6752984 75
100 6754344 75
100 6755704 75
100 6757064 75
100 6758432 75
100 6759784 75
100 6761144 75
100 6762512 75
100 6763864 75
100 6765224 75
100 6766584 75
100 6767944 75
100 6769324 75
100 6770664 75
100 6772024 75
100 6773384 75
100 6774744 75
100 6776104 75
100 6777464 75
100 6778824 75
100 6780184 75
100 6781544 75
100 6782904 75
100 6784264 75
100 6785624 75
100 6786984 75
100 6788344 75
100 6789704 75
100 6791064 75
100 6792424 75
100 6793792 75
100 6795144 75
100 6796504 75
100 6797864 75
100 6799224 75
100 6800584 75
100 6801948 75
100 6803304 75
100 6804664 75
100 6806024 75
100 6807384 75
100 6808744 75
100 6810104 75
100 6811464 75
100 6812824 75
100 6814184 75
100 6815544 75
100 6816904 75
100 6818264 75
100 6819628 75
100 6820984 75
100 6822344 75
100 6823704 75
100 6825064 75
100 6826424 75
100 6827784 75
100 6829144 75
100 6830504 75
100 6831864 75
100 6833224 75
100 6834584 75
100 6835944 75
100 6837304 75
100 6838664 75
100 6840024 75
100 6841384 75
100 6842744 75
100 6844104 75
100 6845472 75
100 6846824 75
100 6848184 75
100 6849552 75
100 6850904 75
100 6852264 75
100 6853624 75
100 6854984 75
100 6856344 75
100 6857704 75
100 6859064 75
100 6860424 75
100 6861784 75
100 6863144 75
100 6864504 75
100 6865864 75
100 6867224 75
100 6868584 75
100 6869944 75
100 6871304 75
100 6872664 75
100 6874024 75
100 6875384 75
100 6876744 75
100 6878104 75
100 6879464 75
100 6880824 75
100 6882188 75
100 6883544 75
100 6884904 75
100 6886264 75
100 6887624 75
100 6888984 75
100 6890344 75
100 6891704 75
100 6893064 75
100 6894424 75
100 6895784 75
100 6897144 75
100 6898504 75
100 6899864 75
100 6901224 75
100 6902584 75
100 6903944 75
100 6905304 75
100 6906664 75
100 6908024 75
100 6909384 75
100 6910744 75
100 6912104 75
100 6913464 75
100 6914824 75
100 6916184 75
100 6917544 75
100 6918904 75
100 6920264 75
100 6921624 75
100 6922984 75
100 6924344 75
100 6925704 75
100 6927064 75
100 6928424 75
100 6929784 75
100 6931144 75
100 6932512 75
100 6933864 75
100 6935224 75
100 6936592 75
100 6937944 75
100 6939304 75
100 6940664 75
100 6942024 75
100 6943388 75
100 6944744 75
100 6946104 75
100 6947464 75
100 6948824 75
100 6950184 75
100 6951544 75
100 6952904 75
100 6954264 75
100 6955624 75
100 6956984 75
100 6958344 75
100 6959704 75
100 6961068 75
100 6962424 75
100 6963784 75
100 6965144 75
100 6966504 75
100 6967896 75
100 6969224 75
100 6970584 75
100 6971948 75
100 6973304 75
100 6974664 75
100 6976024 75
100 6977384 75
100 6978744 75
100 6980104 75
100 6981464 75
100 6982824 75
100 6984184 75
100 6985544 75
100 6986904 75
100 6988264 75
100 6989632 75
100 6990984 75
100 6992344 75
100 6993704 75
100 6995064 75
100 6996424 75
100 6997784 75
100 6999144 75
100 7000504 75
100 7001864 75
100 7003224 75
100 7004584 75
100 7005944 75
100 7007304 75
