80 3008992 0
80 3009768 0
80 3010456 0
80 3011160 0
80 3011856 0
80 3012544 0
80 3013244 0
80 3013936 0
80 3014628 0
80 3015332 0
80 3016028 0
80 3017216 0
80 3018412 0
80 3019596 0
80 3020788 0
80 3021976 0
80 3023168 0
80 3024356 0
80 3025548 0
80 3026736 0
80 3027928 0
80 3029116 0
80 3030308 0
80 3031496 0
80 3032688 0
80 3033876 0
80 3035068 0
80 3036256 0
80 3037448 0
80 3038636 0
80 3039828 0
80 3041016 0
80 3042208 0
80 3043396 0
80 3044588 0
80 3045776 0
80 3046968 0
80 3048180 0
80 3049348 0
80 3050536 0
53669 zero1
80 3051728 0
80 3054020 0
80 3055212 0
80 3056400 0
80 3057592 0
80 3058784 0
80 3059972 0
80 3061160 0
80 3062352 0
80 3063540 0
80 3064732 0
80 3065924 0
80 3067112 0
80 3068304 0
80 3069492 0
80 3070680 0
80 3071872 0
80 3073068 0
80 3074252 0
80 3075440 0
80 3076632 39
80 3077908 39
80 3079188 39
80 3080456 39
80 3081732 39
80 3083008 39
80 3084284 39
80 3085556 39
80 3086832 39
80 3088108 39
80 3089380 39
80 3090656 39
80 3091932 39
80 3093208 39
80 3094480 39
80 3095756 39
80 3097032 39
80 3098308 39
80 3099588 41
80 3100856 41
80 3102132 41
80 3103416 41
80 3104680 41
80 3105956 41
80 3107232 41
80 3108508 41
80 3109784 41
80 3111056 41
80 3112332 41
80 3113608 41
80 3114880 41
80 3116156 41
80 3117432 41
80 3118708 41
80 3119984 41
80 3121256 42
80 3122532 42
80 3123808 42
80 3125080 42
80 3126356 42
80 3127632 42
80 3128908 42
80 3130184 42
80 3131456 42
80 3132732 42
80 3134008 42
80 3135280 42
80 3136556 42
80 3137832 42
80 3139108 42
80 3140384 42
80 3141664 42
80 3142932 43
80 3144208 43
80 3145480 43
80 3146764 43
80 3148036 43
80 3149308 43
80 3150580 43
80 3151856 43
80 3153132 43
80 3154408 43
80 3155680 43
80 3156956 43
80 3158232 43
80 3159512 43
80 3160784 43
80 3162056 43
80 3163344 44
80 3164608 44
80 3165884 44
80 3167156 44
80 3168432 44
80 3169708 44
80 3170980 44
80 3172256 44
80 3173532 44
80 3174808 44
80 3176084 44
80 3177356 44
80 3178632 44
80 3179908 44
80 3181180 44
80 3182456 44
80 3183732 44
80 3185008 45
80 3186284 45
80 3187556 45
80 3188832 45
80 3190108 45
80 3191384 45
80 3192656 45
80 3193932 45
80 3195208 45
80 3196480 45
80 3197756 45
80 3199032 45
80 3200308 45
80 3201580 45
80 3202856 45
80 3204132 45
80 3205408 45
80 3206684 45
80 3207956 45
80 3209240 45
80 3210508 45
80 3211780 45
80 3213056 45
80 3214332 45
80 3215612 45
80 3216880 45
80 3218156 45
80 3219432 45
80 3220708 45
80 3221984 45
80 3223256 45
80 3224532 45
80 3225808 45
80 3227084 45
80 3228356 45
80 3229632 45
80 3230908 45
80 3232180 45
80 3233456 45
80 3234732 45
80 3236008 45
80 3237280 45
80 3238556 45
80 3239832 45
80 3241112 45
80 3242380 45
80 3243656 45
80 3244932 45
80 3246208 45
80 3247484 45
80 3248756 45
80 3250032 45
80 3251308 45
80 3252580 45
80 3253856 45
80 3255132 45
80 3256408 45
80 3257688 45
80 3258956 45
80 3260232 45
80 3261508 45
80 3262780 45
80 3264056 45
80 3265332 45
80 3266608 45
80 3267880 46
80 3269164 46
80 3270432 46
80 3271712 46
80 3272984 46
80 3274256 46
80 3275532 46
80 3276812 46
80 3278080 46
80 3279356 46
80 3280632 46
80 3281908 46
80 3283180 46
80 3284456 46
80 3285732 46
80 3287008 46
80 3288284 46
80 3289556 47
80 3290832 47
80 3292108 47
80 3293380 47
80 3294656 47
80 3295932 47
80 3297208 47
80 3298480 47
80 3299756 47
80 3301032 47
80 3302308 47
80 3303580 47
80 3304856 47
80 3306132 47
80 3307408 47
80 3308684 47
80 3309956 47
80 3311232 47
80 3312508 47
80 3313784 47
80 3315056 47
80 3316332 47
80 3317608 47
80 3318880 47
80 3320156 47
80 3321432 47
80 3322708 47
80 3323984 47
80 3325288 47
80 3326532 47
80 3327808 47
80 3329080 47
80 3330356 47
80 3331632 47
80 3332908 47
80 3334184 47
80 3335456 47
80 3336732 47
80 3338008 47
80 3339288 47
80 3340564 47
80 3341832 47
80 3343108 47
80 3344380 47
80 3345656 47
80 3346932 47
80 3348208 47
80 3349480 47
80 3350756 47
80 3352032 47
80 3353308 47
80 3354584 47
80 3355856 47
80 3357132 47
80 3358408 47
80 3359684 47
80 3360956 47
80 3362232 47
80 3363508 47
80 3364780 47
80 3366056 47
80 3367332 47
80 3368608 47
80 3369884 47
80 3371156 47
80 3372432 48
80 3373708 48
80 3374980 48
80 3376256 48
80 3377532 48
80 3378808 48
80 3380080 48
80 3381356 48
80 3382632 48
80 3383908 48
80 3385184 48
80 3386456 48
80 3387732 48
80 3389008 48
80 3390280 48
80 3391556 48
80 3392832 48
80 3394108 48
80 3395380 48
80 3396656 48
80 3397932 48
80 3399208 48
80 3400484 48
80 3401764 48
80 3403032 48
80 3404308 48
80 3405580 48
80 3406864 48
80 3408132 48
80 3409408 48
80 3410684 48
80 3411956 48
80 3413232 48
80 3414508 48
80 3415780 48
80 3417056 48
80 3418332 48
80 3419608 48
80 3420884 48
80 3422180 48
80 3423432 48
80 3424708 48
80 3425984 48
80 3427256 48
80 3428532 48
80 3429808 48
80 3431084 48
80 3432356 48
80 3433632 48
80 3434908 48
80 3436180 48
80 3437456 48
80 3438732 48
80 3440008 48
80 3441280 48
80 3442556 48
80 3443832 48
80 3445108 48
80 3446380 48
80 3447656 48
80 3448932 48
80 3450208 48
80 3451480 48
80 3452756 48
80 3454032 48
80 3455308 48
80 3456584 48
80 3457856 48
80 3459132 48
80 3460408 48
80 3461680 48
80 3462956 48
80 3464232 48
80 3465508 48
80 3466780 48
80 3468056 48
80 3469340 48
80 3470608 48
80 3471880 48
80 3473156 48
80 3474440 48
80 3475708 48
80 3476984 48
80 3478256 48
80 3479532 48
80 3480808 48
80 3482080 48
80 3483356 48
80 3484632 48
80 3485908 48
80 3487180 48
80 3488456 48
80 3489732 48
80 3491008 48
80 3492280 48
80 3493556 48
80 3494832 48
80 3496108 48
80 3497380 48
80 3498656 48
80 3499932 48
80 3501208 48
80 3502484 48
80 3503788 48
80 3505032 48
80 3506308 48
80 3507580 48
80 3508856 48
80 3510132 48
80 3511408 48
80 3512684 48
80 3513956 48
80 3515232 48
80 3516508 48
80 3517784 48
80 3519056 48
80 3520332 48
80 3521608 48
80 3522880 48
80 3524156 48
80 3525432 48
80 3526708 48
80 3527980 48
80 3529256 48
80 3530532 48
80 3531812 48
80 3533084 48
80 3534356 48
80 3535632 48
80 3536912 48
80 3538184 48
80 3539456 48
80 3540732 48
80 3542008 48
80 3543284 48
80 3544556 48
80 3545832 48
80 3547108 48
80 3548380 48
80 3549656 48
80 3550932 48
80 3552208 48
80 3553480 48
80 3554756 48
80 3556032 48
80 3557308 48
80 3558580 48
80 3559856 48
80 3561132 48
80 3562408 48
80 3563680 48
80 3564956 48
80 3566232 48
80 3567508 48
80 3568780 48
80 3570056 48
80 3571332 48
80 3572608 48
80 3573880 48
80 3575156 48
80 3576432 48
80 3577708 48
80 3578980 48
80 3580256 48
80 3581532 48
80 3582808 48
80 3584084 48
80 3585388 48
80 3586632 48
80 3587908 48
80 3589180 48
80 3590456 48
80 3591732 48
80 3593008 48
80 3594280 48
80 3595556 48
80 3596832 48
80 3598108 48
80 3599388 48
80 3600656 48
80 3601932 48
80 3603208 48
80 3604488 48
80 3605756 48
80 3607032 48
80 3608308 48
80 3609580 48
80 3610856 48
80 3612132 48
80 3613408 48
80 3614680 48
80 3615956 48
80 3617232 48
80 3618508 48
80 3619780 48
80 3621056 48
80 3622332 48
80 3623608 48
80 3624880 48
80 3626156 48
80 3627432 48
80 3628708 48
80 3629984 48
80 3631256 48
80 3632532 48
80 3633808 48
80 3635080 48
80 3636356 48
80 3637632 48
80 3638908 48
80 3640184 48
80 3641456 48
80 3642732 48
80 3644008 48
80 3645284 48
80 3646556 48
80 3647832 48
80 3649108 48
80 3650380 48
80 3651656 48
80 3652932 48
80 3654208 48
80 3655480 48
80 3656756 48
80 3658032 48
80 3659308 48
80 3660584 48
80 3661860 48
80 3663132 48
80 3664408 48
80 3665684 48
80 3666964 48
80 3668232 48
80 3669508 48
80 3670784 48
80 3672072 48
80 3673332 48
80 3674608 48
80 3675884 48
80 3677156 48
80 3678432 48
80 3679708 48
80 3680980 48
80 3682280 48
80 3683532 48
80 3684808 48
80 3686080 48
80 3687356 48
80 3688632 48
80 3689908 48
80 3691180 48
80 3692456 48
80 3693732 48
80 3695008 48
80 3696280 48
80 3697556 48
80 3698832 48
80 3700108 48
80 3701380 48
80 3702656 48
80 3703932 48
80 3705208 48
80 3706480 48
80 3707756 48
80 3709032 48
80 3710308 48
80 3711580 48
80 3712856 48
80 3714132 48
80 3715408 48
80 3716680 48
80 3717956 48
80 3719232 48
80 3720508 48
80 3721780 48
80 3723056 48
80 3724332 48
80 3725608 48
80 3726912 48
80 3728156 48
80 3729436 48
80 3730708 48
80 3731984 48
80 3733256 48
80 3734540 48
80 3735808 48
80 3737080 48
80 3738356 48
80 3739632 48
80 3740908 48
80 3742184 48
80 3743456 48
80 3744732 48
80 3746008 48
80 3747280 48
80 3748556 48
80 3749832 48
80 3751108 48
80 3752380 48
80 3753656 48
80 3754932 48
80 3756208 48
80 3757484 48
80 3758756 48
80 3760032 48
80 3761308 48
80 3762580 48
80 3763888 48
80 3765132 48
80 3766408 48
80 3767680 48
80 3768956 48
80 3770232 48
80 3771508 48
80 3772780 48
80 3774056 48
80 3775332 48
80 3776608 48
80 3777880 48
80 3779156 48
80 3780432 48
80 3781708 48
80 3782980 48
80 3784256 48
80 3785532 48
80 3786808 48
80 3788088 48
80 3789356 48
80 3790632 48
80 3791912 48
80 3793184 48
80 3794456 48
80 3795732 48
80 3797012 48
80 3798284 48
80 3799556 48
80 3800832 48
80 3802108 48
80 3803384 48
80 3804656 48
80 3805932 48
80 3807208 48
80 3808484 48
80 3809756 48
80 3811032 48
80 3812308 48
80 3813584 48
80 3814856 48
80 3816132 48
80 3817408 48
80 3818688 48
80 3819956 48
80 3821232 48
80 3822508 48
80 3823780 48
80 3825056 48
80 3826332 48
80 3827608 48
80 3828880 48
80 3830156 48
80 3831432 48
80 3832708 48
80 3833980 48
80 3835256 48
80 3836532 48
80 3837808 48
80 3839080 48
80 3840356 48
80 3841632 48
80 3842908 48
80 3844180 48
80 3845472 48
80 3846732 48
80 3848008 48
80 3849280 48
80 3850556 48
80 3851832 48
80 3853108 48
80 3854380 48
80 3855656 48
80 3856932 48
80 3858208 48
80 3859488 48
80 3860756 48
80 3862032 48
80 3863308 48
80 3864588 48
80 3865856 48
80 3867132 48
80 3868428 48
80 3869680 48
80 3870956 48
80 3872232 48
80 3873508 48
80 3874784 48
80 3876056 48
80 3877332 48
80 3878616 48
80 3879880 48
80 3881156 48
80 3882432 48
80 3883708 48
80 3884984 48
80 3886256 48
80 3887532 48
80 3888808 48
80 3890084 48
80 3891356 48
80 3892632 48
80 3893908 48
80 3895184 48
80 3896456 48
80 3897732 48
80 3899008 48
80 3900280 48
80 3901556 48
80 3902832 48
80 3904108 48
80 3905380 48
80 3906656 48
80 3907936 48
80 3909220 48
80 3910480 48
80 3911756 48
80 3913032 48
80 3914308 48
80 3915580 48
80 3916856 48
80 3918132 48
80 3919408 48
80 3920684 48
80 3921960 48
80 3923232 48
80 3924508 48
80 3925780 48
80 3927064 48
80 3928332 48
80 3929608 48
80 3930880 48
80 3932156 48
80 3933432 48
80 3934708 48
80 3935980 48
80 3937256 48
80 3938532 48
80 3939808 48
80 3941080 48
80 3942360 48
80 3943632 48
80 3944908 48
80 3946180 48
80 3947456 48
80 3948732 48
80 3950008 48
80 3951280 48
80 3952556 48
80 3953832 48
80 3955108 48
80 3956388 48
80 3957656 48
80 3958932 48
80 3960208 48
80 3961480 48
80 3962756 48
80 3964032 48
80 3965308 48
80 3966584 48
80 3967864 48
80 3969132 48
80 3970408 48
80 3971680 48
80 3972956 48
80 3974232 48
80 3975508 48
80 3976780 48
80 3978056 48
80 3979332 48
80 3980608 48
80 3981884 48
80 3983156 48
80 3984432 48
80 3985708 48
80 3987008 48
80 3988256 48
80 3989540 48
80 3990808 48
80 3992080 48
80 3993364 48
80 3994640 48
80 3995908 48
80 3997180 48
80 3998456 48
80 3999732 48
80 4001008 48
80 4002284 48
80 4003556 48
80 4004832 48
80 4006108 48
80 4007380 48
80 4008656 48
80 4009932 48
80 4011208 48
80 4012484 48
80 4013756 48
80 4015032 48
80 4016308 48
80 4017580 48
80 4018856 48
80 4020132 48
80 4021408 48
80 4022684 48
80 4023968 48
80 4025232 48
80 4026508 48
80 4027788 48
80 4029056 48
80 4030332 48
80 4031608 48
80 4032884 48
80 4034156 48
80 4035432 48
80 4036708 48
80 4037984 48
80 4039260 48
80 4040532 48
80 4041808 48
80 4043080 48
80 4044356 48
80 4045632 48
80 4046908 48
80 4048184 48
80 4049456 48
80 4050732 48
80 4052008 48
80 4053288 48
80 4054556 48
80 4055832 48
80 4057112 48
80 4058380 48
80 4059656 48
80 4060932 48
80 4062212 48
80 4063484 48
80 4064756 48
80 4066032 48
80 4067308 48
80 4068584 48
80 4069856 48
80 4071132 48
80 4072408 48
80 4073680 48
80 4074956 48
80 4076232 48
80 4077508 48
80 4078788 48
80 4080056 48
80 4081332 48
80 4082608 48
80 4083884 48
80 4085156 48
80 4086432 48
80 4087708 48
80 4088984 48
80 4090256 48
80 4091532 48
80 4092808 48
80 4094080 48
80 4095356 48
80 4096632 48
80 4097908 48
80 4099184 48
80 4100456 48
80 4101732 48
80 4103008 48
80 4104280 48
80 4105556 48
80 4106832 48
80 4108108 48
80 4109384 48
80 4110656 48
80 4111932 48
80 4113208 48
80 4114484 48
80 4115756 48
80 4117032 48
80 4118308 48
80 4119588 48
80 4120856 48
80 4122132 48
80 4123408 48
80 4124688 48
80 4125956 48
80 4127232 48
80 4128524 48
80 4129784 48
80 4131056 48
80 4132332 48
80 4133608 48
80 4134880 48
80 4136156 48
80 4137432 48
80 4138716 48
80 4139984 48
80 4141256 48
80 4142532 48
80 4143808 48
80 4145084 48
80 4146356 48
80 4147632 48
80 4148908 48
80 4150184 48
80 4151456 48
80 4152732 48
80 4154008 48
80 4155284 48
80 4156556 48
80 4157832 48
80 4159108 48
80 4160384 48
80 4161656 48
80 4162932 48
80 4164208 48
80 4165484 48
80 4166756 48
80 4168032 48
80 4169308 48
80 4170580 48
80 4171856 48
80 4173132 48
80 4174408 48
80 4175680 48
80 4176956 48
80 4178232 48
80 4179508 48
80 4180780 48
80 4182056 48
80 4183332 48
80 4184608 48
80 4185892 48
80 4187164 48
80 4188432 48
80 4189708 48
80 4190984 48
80 4192264 48
80 4193532 48
80 4194808 48
80 4196080 48
80 4197356 48
80 4198632 48
80 4199908 48
80 4201180 48
80 4202456 48
80 4203732 48
80 4205008 48
80 4206284 48
80 4207556 48
80 4208832 48
80 4210108 48
80 4211380 48
80 4212656 48
80 4213932 48
80 4215208 48
80 4216480 48
80 4217756 48
80 4219032 48
80 4220308 48
80 4221584 48
80 4222856 48
80 4224132 48
80 4225408 48
80 4226688 48
80 4227956 48
80 4229232 48
80 4230508 48
80 4231780 48
80 4233056 48
80 4234332 48
80 4235608 48
80 4236884 48
80 4238156 48
80 4239432 48
80 4240708 48
80 4241980 48
80 4243256 48
80 4244532 48
80 4245808 48
80 4247084 48
80 4248356 48
80 4249636 48
80 4250908 48
80 4252180 48
80 4253456 48
80 4254740 48
80 4256008 48
80 4257280 48
80 4258556 48
80 4259832 48
80 4261116 48
80 4262380 48
80 4263656 48
80 4264932 48
80 4266208 48
80 4267480 48
80 4268756 48
80 4270032 48
80 4271308 48
80 4272580 48
80 4273856 48
80 4275132 48
80 4276408 48
80 4277680 49
80 4278956 49
80 4280232 49
80 4281508 49
80 4282784 49
80 4284056 49
80 4285332 49
80 4286608 49
80 4287884 49
80 4289156 49
80 4290432 49
80 4291708 49
80 4292984 49
80 4294256 49
80 4295532 49
80 4296808 49
80 4298080 49
80 4299356 49
80 4300632 49
80 4301908 49
80 4303180 49
80 4304456 49
80 4305732 49
80 4307008 49
80 4308280 49
80 4309556 49
80 4310832 49
80 4312108 49
80 4313384 49
80 4314656 49
80 4315932 49
80 4317212 49
80 4318480 49
80 4319756 49
80 4321032 49
80 4322312 49
80 4323584 49
80 4324856 49
80 4326132 49
80 4327408 49
80 4328684 49
80 4329956 49
80 4331232 49
80 4332508 49
80 4333780 49
80 4335056 49
80 4336332 49
80 4337608 49
80 4338880 49
80 4340156 49
80 4341432 49
80 4342708 49
80 4343980 49
80 4345256 49
80 4346532 49
80 4347808 49
80 4349080 49
80 4350356 49
80 4351632 49
80 4352908 49
80 4354184 49
80 4355456 49
80 4356732 49
80 4358008 49
80 4359280 49
80 4360556 49
80 4361832 49
80 4363108 49
80 4364380 49
80 4365656 49
80 4366932 49
80 4368208 49
80 4369484 49
80 4370756 49
80 4372032 49
80 4373308 49
80 4374580 49
80 4375856 49
80 4377132 49
80 4378408 49
80 4379688 49
80 4380956 49
80 4382232 49
80 4383508 49
80 4384788 49
80 4386056 49
80 4387332 49
80 4388608 49
80 4389884 49
80 4391156 49
80 4392432 49
80 4393708 49
80 4394984 49
80 4396256 49
80 4397532 49
80 4398808 49
80 4400080 49
80 4401356 49
80 4402632 49
80 4403908 49
80 4405184 49
80 4406456 49
80 4407732 49
80 4409008 49
80 4410284 49
80 4411556 49
80 4412832 49
80 4414108 49
80 4415384 49
80 4416656 49
80 4417932 49
80 4419208 49
80 4420484 49
80 4421756 49
80 4423032 49
80 4424308 49
80 4425616 49
80 4426856 49
80 4428132 49
80 4429408 49
80 4430684 49
80 4431956 49
80 4433232 49
80 4434508 49
80 4435780 49
80 4437056 49
80 4438332 49
80 4439608 49
80 4440880 49
80 4442156 49
80 4443432 49
80 4444708 49
80 4445980 49
80 4447264 49
80 4448532 49
80 4449808 49
80 4451080 49
80 4452364 49
80 4453632 49
80 4454908 49
80 4456180 49
80 4457456 49
80 4458732 49
80 4460008 49
80 4461280 49
80 4462556 49
80 4463832 49
80 4465108 49
80 4466384 49
80 4467656 49
80 4468932 49
80 4470208 49
80 4471484 49
80 4472756 49
80 4474032 49
80 4475308 49
80 4476580 49
80 4477856 49
80 4479132 49
80 4480408 49
80 4481680 49
80 4482956 49
80 4484232 49
80 4485508 49
80 4486784 49
80 4488056 49
80 4489332 49
80 4490608 49
80 4491884 49
80 4493156 49
80 4494432 49
80 4495708 49
80 4496984 49
80 4498256 49
80 4499532 49
80 4500808 49
80 4502084 49
80 4503356 49
80 4504632 49
80 4505908 49
80 4507184 49
80 4508456 49
80 4509732 49
80 4511008 49
80 4512280 49
80 4513556 49
80 4514840 49
80 4516108 49
80 4517384 49
80 4518656 49
80 4519932 49
80 4521208 49
80 4522504 49
80 4523756 49
80 4525032 49
80 4526308 49
80 4527584 49
80 4528856 49
80 4530132 49
80 4531408 49
80 4532680 49
80 4533956 49
80 4535232 49
80 4536508 49
80 4537780 49
80 4539056 49
80 4540332 49
80 4541608 49
80 4542880 49
80 4544156 49
80 4545432 49
80 4546708 49
80 4547980 49
80 4549256 49
80 4550532 49
80 4551808 49
80 4553088 49
80 4554356 49
80 4555632 49
80 4556908 49
80 4558180 49
80 4559456 49
80 4560732 49
80 4562008 49
80 4563284 49
80 4564556 49
80 4565832 49
80 4567112 49
80 4568380 49
80 4569656 49
80 4570932 49
80 4572208 49
80 4573484 49
80 4574756 49
80 4576032 49
80 4577312 49
80 4578580 49
80 4579856 49
80 4581132 49
80 4582412 49
80 4583680 49
80 4584956 49
80 4586232 49
80 4587508 49
80 4588780 49
80 4590056 49
80 4591332 49
80 4592608 49
80 4593884 49
80 4595156 49
80 4596432 49
80 4597708 49
80 4598984 49
80 4600256 49
80 4601532 49
80 4602808 49
80 4604112 49
80 4605356 49
80 4606632 49
80 4607908 49
80 4609180 49
80 4610456 49
80 4611732 49
80 4613008 49
80 4614284 49
80 4615556 49
80 4616832 49
80 4618108 49
80 4619384 49
80 4620656 49
80 4621932 49
80 4623208 49
80 4624480 49
80 4625756 49
80 4627032 49
80 4628308 49
80 4629580 49
80 4630856 49
80 4632132 49
80 4633408 49
80 4634680 49
80 4635956 49
80 4637232 49
80 4638508 49
80 4639780 49
80 4641056 49
80 4642332 49
80 4643608 49
80 4644892 49
80 4646156 49
80 4647432 49
80 4648708 49
80 4649980 49
80 4651256 49
80 4652532 49
80 4653808 49
80 4655084 49
80 4656356 49
80 4657632 49
80 4658908 49
80 4660184 49
80 4661456 49
80 4662732 49
80 4664008 49
80 4665280 49
80 4666556 49
80 4667832 49
80 4669108 49
80 4670380 49
80 4671656 49
80 4672940 49
80 4674208 49
80 4675484 49
80 4676756 49
80 4678032 49
80 4679308 49
80 4680584 49
80 4681856 49
80 4683132 49
80 4684408 49
80 4685712 49
80 4686956 49
80 4688232 49
80 4689508 49
80 4690784 49
80 4692056 49
80 4693332 49
80 4694608 49
80 4695884 49
80 4697156 49
80 4698432 49
80 4699708 49
80 4700980 49
80 4702256 49
80 4703536 49
80 4704808 49
80 4706080 49
80 4707364 49
80 4708632 49
80 4709908 49
80 4711180 49
80 4712464 49
80 4713732 49
80 4715012 49
80 4716280 49
80 4717556 49
80 4718832 49
80 4720108 49
80 4721380 49
80 4722656 49
80 4723932 49
80 4725208 49
80 4726480 49
80 4727756 49
80 4729032 49
80 4730308 49
80 4731580 49
80 4732856 49
80 4734132 49
80 4735408 49
80 4736680 49
80 4737956 49
80 4739232 49
80 4740508 49
80 4741784 49
80 4743056 49
80 4744332 49
80 4745608 49
80 4746884 49
80 4748156 49
80 4749432 49
80 4750708 49
80 4751984 49
80 4753256 49
80 4754532 49
80 4755808 49
80 4757080 49
80 4758356 49
80 4759632 49
80 4760908 49
80 4762184 49
80 4763456 49
80 4764732 49
80 4766008 49
80 4767280 49
80 4768556 49
80 4769832 49
80 4771108 49
80 4772384 49
80 4773656 49
80 4774944 49
80 4776208 49
80 4777480 49
80 4778756 49
80 4780036 49
80 4781308 49
80 4782604 49
80 4783856 49
80 4785132 49
80 4786408 49
80 4787680 49
80 4788956 49
80 4790232 49
80 4791508 49
80 4792784 49
80 4794056 49
80 4795332 49
80 4796608 49
80 4797880 49
80 4799156 49
80 4800436 49
80 4801708 49
80 4802984 49
80 4804256 49
80 4805532 49
80 4806808 49
80 4808084 49
80 4809364 49
80 4810632 49
80 4811908 49
80 4813180 49
80 4814456 49
80 4815732 49
80 4817008 49
80 4818280 49
80 4819556 49
80 4820832 49
80 4822108 49
80 4823380 49
80 4824656 49
80 4825932 49
80 4827236 49
80 4828484 49
80 4829756 49
80 4831032 49
80 4832308 49
80 4833584 49
80 4834856 49
80 4836132 49
80 4837412 49
80 4838680 49
80 4839956 49
80 4841232 49
80 4842512 49
80 4843784 49
80 4845056 49
80 4846332 49
80 4847608 49
80 4848880 49
80 4850156 49
80 4851432 49
80 4852708 49
80 4853980 49
80 4855256 49
80 4856532 49
80 4857812 49
80 4859080 49
80 4860356 49
80 4861632 49
80 4862908 49
80 4864212 49
80 4865456 49
80 4866732 49
80 4868008 49
80 4869280 49
80 4870556 49
80 4871832 49
80 4873108 49
80 4874380 49
80 4875656 49
80 4876932 49
80 4878208 49
80 4879484 49
80 4880756 49
80 4882032 49
80 4883308 49
80 4884584 49
80 4885864 49
80 4887132 49
80 4888408 49
80 4889684 49
80 4890956 49
80 4892232 49
80 4893508 49
80 4894780 49
80 4896056 49
80 4897332 49
80 4898608 49
80 4899888 49
80 4901156 49
80 4902432 49
80 4903708 49
80 4904988 49
80 4906256 49
80 4907532 49
80 4908808 49
80 4910088 49
80 4911356 49
80 4912632 49
80 4913908 49
80 4915180 49
80 4916456 49
80 4917732 49
80 4919008 49
80 4920280 49
80 4921556 49
80 4922832 49
80 4924108 49
80 4925384 49
80 4926656 49
80 4927932 49
80 4929208 49
80 4930480 49
80 4931756 49
80 4933032 49
80 4934308 49
80 4935580 49
80 4936856 49
80 4938132 49
80 4939408 49
80 4940684 49
80 4941956 49
80 4943232 49
80 4944508 49
80 4945796 49
80 4947056 49
80 4948332 49
80 4949608 49
80 4950880 49
80 4952156 49
80 4953432 49
80 4954708 49
80 4955980 49
80 4957256 49
80 4958532 49
80 4959808 49
80 4961080 49
80 4962356 49
80 4963632 49
80 4964908 49
80 4966180 49
80 4967464 49
80 4968756 48
80 4970008 48
80 4971284 48
80 4972564 48
80 4973832 48
80 4975108 48
80 4976384 48
80 4977656 48
80 4978932 48
80 4980208 48
80 4981480 48
80 4982756 48
80 4984032 48
80 4985308 48
80 4986580 48
80 4987856 48
80 4989132 48
80 4990408 48
80 4991680 48
80 4992956 48
80 4994232 48
80 4995508 48
80 4996784 48
80 4998056 48
80 4999332 48
80 5000608 48
80 5001880 48
80 5003156 48
80 5004432 48
80 5005708 48
80 5006980 48
80 5008256 48
80 5009532 48
80 5010808 48
80 5012080 48
80 5013360 48
80 5014632 48
80 5015908 48
80 5017180 48
80 5018456 48
80 5019732 48
80 5021008 48
80 5022280 48
80 5023556 48
80 5024832 48
80 5026108 48
80 5027384 48
80 5028656 48
80 5029932 49
80 5031208 49
80 5032484 49
80 5033756 49
80 5035040 49
80 5036308 49
80 5037584 49
80 5038856 49
80 5040140 49
80 5041408 49
80 5042684 49
80 5043956 49
80 5045232 49
80 5046508 49
80 5047784 49
80 5049056 49
80 5050332 49
80 5051608 49
80 5052880 49
80 5054156 49
80 5055432 49
80 5056708 49
80 5057980 49
80 5059256 49
80 5060532 49
80 5061808 49
80 5063080 49
80 5064356 49
80 5065632 49
80 5066908 49
80 5068180 49
80 5069456 49
80 5070732 49
80 5072008 49
80 5073280 49
80 5074556 49
80 5075832 49
80 5077108 49
80 5078384 49
80 5079656 49
80 5080932 49
80 5082208 49
80 5083484 49
80 5084756 49
80 5086032 49
80 5087332 49
80 5088584 49
80 5089856 49
80 5091132 49
80 5092408 49
80 5093680 49
80 5094956 49
80 5096232 49
80 5097512 49
80 5098780 49
80 5100056 49
80 5101332 49
80 5102612 49
80 5103880 49
80 5105156 49
80 5106432 49
80 5107708 49
80 5108980 49
80 5110256 49
80 5111532 49
80 5112808 49
80 5114080 49
80 5115356 49
80 5116632 49
80 5117908 49
80 5119180 49
80 5120456 49
80 5121732 49
80 5123008 49
80 5124292 49
80 5125556 49
80 5126832 49
80 5128108 49
80 5129380 49
80 5130656 49
80 5131932 49
80 5133208 49
80 5134480 49
80 5135756 49
80 5137032 49
80 5138308 49
80 5139580 49
80 5140856 49
80 5142132 49
80 5143408 49
80 5144684 49
80 5145956 49
80 5147232 49
80 5148508 49
80 5149784 49
80 5151056 49
80 5152332 49
80 5153608 49
80 5154880 49
80 5156156 49
80 5157432 49
80 5158708 49
80 5159984 49
80 5161256 49
80 5162532 49
80 5163808 49
80 5165088 49
80 5166356 49
80 5167632 49
80 5168908 49
80 5170188 49
80 5171456 49
80 5172732 49
80 5174008 49
80 5175284 49
80 5176556 49
80 5177832 49
80 5179108 49
80 5180384 49
80 5181656 49
80 5182932 49
80 5184208 49
80 5185480 49
80 5186756 49
80 5188032 49
80 5189308 49
80 5190580 49
80 5191856 49
80 5193132 49
80 5194408 49
80 5195680 49
80 5196956 49
80 5198232 49
80 5199508 49
80 5200780 49
80 5202056 49
80 5203332 49
80 5204608 49
80 5205884 49
80 5207156 49
80 5208432 49
80 5209708 49
80 5210984 49
80 5212256 49
80 5213532 49
80 5214808 49
80 5216080 49
80 5217356 49
80 5218632 49
80 5219908 49
80 5221180 49
80 5222456 49
80 5223732 49
80 5225008 49
80 5226280 49
80 5227556 49
80 5228852 49
80 5230108 49
80 5231384 49
80 5232664 49
80 5233932 49
80 5235208 49
80 5236484 49
80 5237756 49
80 5239032 49
80 5240308 49
80 5241580 49
80 5242856 49
80 5244132 49
80 5245408 49
80 5246680 49
80 5247956 49
80 5249232 49
80 5250508 49
80 5251784 49
80 5253056 49
80 5254332 48
80 5255608 48
80 5256880 48
80 5258156 48
80 5259432 48
80 5260708 48
80 5261980 48
80 5263256 48
80 5264532 48
80 5265808 48
80 5267080 48
80 5268356 48
80 5269632 48
80 5270908 48
80 5272184 48
80 5273456 48
80 5274732 48
80 5276008 48
80 5277280 48
80 5278556 48
80 5279832 48
80 5281108 48
80 5282384 48
80 5283656 48
80 5284932 48
80 5286208 48
80 5287484 48
80 5288756 48
80 5290032 48
80 5291308 48
80 5292584 48
80 5293856 48
80 5295136 48
80 5296408 48
80 5297684 48
80 5298956 48
80 5300236 48
80 5301508 48
80 5302784 48
80 5304056 48
80 5305332 48
80 5306608 48
80 5307880 48
80 5309156 48
80 5310432 48
80 5311708 48
80 5312980 48
80 5314256 48
80 5315532 48
80 5316808 48
80 5318084 48
80 5319356 48
80 5320632 48
80 5321908 48
80 5323180 48
80 5324456 48
80 5325732 48
80 5327008 48
80 5328280 48
80 5329556 48
80 5330832 48
80 5332108 48
80 5333384 48
80 5334656 48
80 5335932 48
80 5337208 48
80 5338484 48
80 5339756 48
80 5341032 48
80 5342308 48
80 5343584 48
80 5344856 48
80 5346132 48
80 5347408 48
80 5348680 48
80 5349956 48
80 5351232 48
80 5352508 48
80 5353784 48
80 5355056 48
80 5356332 48
80 5357608 48
80 5358880 48
80 5360156 48
80 5361432 48
80 5362712 48
80 5363984 48
80 5365256 48
80 5366532 48
80 5367812 48
80 5369080 48
80 5370356 48
80 5371632 48
80 5372908 48
80 5374184 48
80 5375456 48
80 5376732 48
80 5378008 48
80 5379280 48
80 5380556 48
80 5381832 48
80 5383108 48
80 5384384 48
80 5385656 48
80 5386940 48
80 5388208 48
80 5389480 48
80 5390756 48
80 5392032 48
80 5393308 48
80 5394584 48
80 5395856 48
80 5397132 48
80 5398408 48
80 5399684 48
80 5400956 48
80 5402232 48
80 5403508 48
80 5404780 48
80 5406056 48
80 5407336 48
80 5408608 48
80 5409880 48
80 5411156 48
80 5412432 48
80 5413708 48
80 5414980 48
80 5416256 48
80 5417532 48
80 5418808 48
80 5420080 48
80 5421360 48
80 5422632 48
80 5423908 48
80 5425188 48
80 5426456 48
80 5427732 48
80 5429008 48
80 5430288 48
80 5431556 48
80 5432832 48
80 5434108 48
80 5435380 48
80 5436656 48
80 5437932 48
80 5439208 48
80 5440484 48
80 5441764 48
80 5443032 48
80 5444308 48
80 5445584 48
80 5446856 48
80 5448132 48
80 5449408 48
80 5450680 48
80 5451956 48
80 5453232 48
80 5454512 48
80 5455784 48
80 5457056 48
80 5458332 48
80 5459608 48
80 5460884 48
80 5462156 48
80 5463432 48
80 5464708 48
80 5465988 48
80 5467256 48
80 5468532 48
80 5469808 48
80 5471080 48
80 5472356 48
80 5473632 48
80 5474908 48
80 5476184 48
80 5477456 48
80 5478732 48
80 5480008 48
80 5481280 48
80 5482556 48
80 5483832 48
80 5485108 48
80 5486384 48
80 5487656 48
80 5488932 48
80 5490208 48
80 5491480 48
80 5492764 48
80 5494032 48
80 5495308 48
80 5496584 48
80 5497864 48
80 5499132 48
80 5500408 48
80 5501680 48
80 5502956 48
80 5504232 48
80 5505508 48
80 5506780 48
80 5508056 48
80 5509332 48
80 5510608 48
80 5511884 48
80 5513156 48
80 5514432 48
80 5515708 48
80 5516980 48
80 5518256 48
80 5519532 48
80 5520808 48
80 5522080 48
80 5523356 48
80 5524632 48
80 5525936 48
80 5527180 48
80 5528456 48
80 5529736 48
80 5531008 48
80 5532280 48
80 5533556 48
80 5534832 48
80 5536108 48
80 5537384 48
80 5538656 48
80 5539932 48
80 5541212 48
80 5542484 48
80 5543756 48
80 5545032 48
80 5546308 48
80 5547580 48
80 5548856 48
80 5550132 48
80 5551408 48
80 5552680 48
80 5553956 48
80 5555244 48
80 5556508 48
80 5557784 48
80 5559056 48
80 5560340 49
80 5561608 49
80 5562880 49
80 5564164 49
80 5565432 49
80 5566708 49
80 5567984 49
80 5569256 49
80 5570532 49
80 5571808 49
80 5573084 49
80 5574356 49
80 5575632 49
80 5576908 49
80 5578184 49
80 5579456 49
80 5580732 49
80 5582008 49
80 5583280 49
80 5584556 49
80 5585836 49
80 5587108 49
80 5588384 49
80 5589656 49
80 5590932 49
80 5592208 49
80 5593484 49
80 5594756 49
80 5596032 49
80 5597308 49
80 5598584 49
80 5599856 49
80 5601132 49
80 5602408 49
80 5603680 49
80 5604956 49
80 5606232 49
80 5607508 49
80 5608784 49
80 5610056 49
80 5611336 49
80 5612608 49
80 5613880 49
80 5615156 49
80 5616432 49
80 5617708 49
80 5618980 49
80 5620256 49
80 5621532 49
80 5622836 49
80 5624080 49
80 5625356 49
80 5626632 49
80 5627912 49
80 5629184 49
80 5630456 49
80 5631732 49
80 5633008 49
80 5634284 49
80 5635556 49
80 5636832 49
80 5638108 49
80 5639380 49
80 5640656 49
80 5641932 49
80 5643208 49
80 5644484 49
80 5645756 49
80 5647032 49
80 5648308 49
80 5649580 49
80 5650856 49
80 5652132 49
80 5653408 49
80 5654680 49
80 5655956 49
80 5657232 49
80 5658508 49
80 5659784 49
80 5661056 49
80 5662332 49
80 5663608 49
80 5664884 49
80 5666160 49
80 5667432 49
80 5668708 49
80 5669980 49
80 5671256 49
80 5672532 49
80 5673808 49
80 5675084 49
80 5676356 49
80 5677632 49
80 5678908 49
80 5680188 49
80 5681456 49
80 5682732 49
80 5684008 49
80 5685284 49
80 5686556 49
80 5687832 49
80 5689108 49
80 5690388 49
80 5691660 49
80 5692932 49
80 5694208 49
80 5695480 49
80 5696756 49
80 5698032 49
80 5699308 49
80 5700580 49
80 5701856 49
80 5703132 49
80 5704440 49
80 5705680 49
80 5706956 49
80 5708236 49
80 5709508 49
80 5710780 49
80 5712056 49
80 5713332 49
80 5714608 49
80 5715880 49
80 5717156 49
80 5718432 49
80 5719708 49
80 5720980 49
80 5722256 49
80 5723532 49
80 5724808 49
80 5726084 49
80 5727356 49
80 5728632 49
80 5729908 49
80 5731180 49
80 5732456 49
80 5733732 49
80 5735008 49
80 5736284 49
80 5737556 49
80 5738832 49
80 5740108 49
80 5741380 49
80 5742656 49
80 5743932 49
80 5745208 49
80 5746484 49
80 5747756 49
80 5749032 49
80 5750308 49
80 5751580 49
80 5752864 49
80 5754132 49
80 5755408 49
80 5756684 49
80 5757964 49
80 5759232 49
80 5760508 49
80 5761780 49
80 5763056 49
80 5764332 49
80 5765608 49
80 5766884 49
80 5768156 49
80 5769432 49
80 5770708 49
80 5771980 49
80 5773256 49
80 5774532 49
80 5775808 49
80 5777080 49
80 5778356 49
80 5779632 49
80 5780908 49
80 5782184 49
80 5783456 49
80 5784732 49
80 5786036 49
80 5787280 49
80 5788556 49
80 5789832 49
80 5791108 49
80 5792384 49
80 5793656 49
80 5794932 49
80 5796208 49
80 5797484 49
80 5798756 49
80 5800032 49
80 5801308 49
80 5802584 49
80 5803856 49
80 5805132 49
80 5806408 49
80 5807684 49
80 5808956 49
80 5810232 49
80 5811508 49
80 5812784 49
80 5814056 49
80 5815336 49
80 5816608 49
80 5817880 49
80 5819156 49
80 5820440 49
80 5821708 49
80 5822980 49
80 5824256 49
80 5825532 49
80 5826808 49
80 5828080 49
80 5829356 49
80 5830632 49
80 5831908 49
80 5833180 49
80 5834456 49
80 5835732 49
80 5837008 49
80 5838284 49
80 5839556 49
80 5840832 49
80 5842108 49
80 5843380 49
80 5844656 49
80 5845932 49
80 5847208 49
80 5848480 49
80 5849756 49
80 5851032 49
80 5852308 49
80 5853584 49
80 5854856 49
80 5856132 49
80 5857408 49
80 5858684 49
80 5859956 49
80 5861232 49
80 5862508 49
80 5863780 49
80 5865056 49
80 5866332 49
80 5867608 49
80 5868880 49
80 5870156 49
80 5871432 49
80 5872708 49
80 5873980 49
80 5875256 49
80 5876532 49
80 5877808 49
80 5879084 49
80 5880356 49
80 5881632 49
80 5882936 49
80 5884184 49
80 5885456 49
80 5886732 49
80 5888012 49
80 5889284 49
80 5890556 49
80 5891832 49
80 5893108 49
80 5894380 49
80 5895656 49
80 5896936 49
80 5898208 49
80 5899480 49
80 5900756 49
80 5902032 49
80 5903308 49
80 5904584 49
80 5905856 49
80 5907132 49
80 5908408 49
80 5909680 49
80 5910956 49
80 5912232 49
80 5913508 49
80 5914784 49
80 5916056 49
80 5917332 49
80 5918608 49
80 5919880 49
80 5921156 49
80 5922432 49
80 5923708 49
80 5924980 49
80 5926256 49
80 5927564 49
80 5928808 49
80 5930084 49
80 5931364 49
80 5932632 49
80 5933908 49
80 5935184 49
80 5936456 49
80 5937732 49
80 5939008 49
80 5940280 49
80 5941556 49
80 5942832 49
80 5944108 49
80 5945384 49
80 5946656 49
80 5947932 49
80 5949208 49
80 5950488 49
80 5951756 49
80 5953032 49
80 5954308 49
80 5955584 49
80 5956856 49
80 5958132 49
80 5959408 49
80 5960680 49
80 5961956 49
80 5963232 49
80 5964540 49
80 5965780 49
80 5967056 49
80 5968332 49
80 5969608 49
80 5970880 49
80 5972156 49
80 5973432 49
80 5974708 49
80 5975980 49
80 5977256 49
80 5978532 49
80 5979808 49
80 5981084 49
80 5982356 49
80 5983632 49
80 5984908 49
80 5986180 49
80 5987456 49
80 5988732 49
80 5990008 49
80 5991284 49
80 5992556 49
80 5993832 49
80 5995108 49
80 5996380 49
80 5997656 49
80 5998932 49
80 6000208 49
80 6001484 49
80 6002756 49
80 6004032 49
80 6005308 49
80 6006584 49
80 6007856 49
100 6009148 49
100 6010492 49
100 6011852 49
100 6013212 49
100 6014576 49
100 6015932 49
100 6017292 49
100 6018652 49
100 6020012 49
100 6021372 49
100 6022732 49
100 6024092 49
100 6025452 49
100 6026812 49
100 6028172 49
100 6029532 49
100 6030892 49
100 6032252 49
100 6033612 49
100 6034972 49
100 6036332 49
100 6037692 49
100 6039052 49
100 6040412 49
100 6041772 49
100 6043132 50
100 6044492 50
100 6045852 50
100 6047212 50
100 6048572 50
100 6049932 50
100 6051292 50
100 6052652 50
100 6054012 50
100 6055372 50
100 6056732 50
100 6058092 52
100 6059452 52
100 6060812 52
100 6062172 52
100 6063532 52
100 6064892 52
100 6066252 52
100 6067632 52
100 6068972 52
100 6070332 52
100 6071692 52
100 6073052 53
100 6074412 53
100 6075772 53
100 6077132 53
100 6078500 53
100 6079852 53
100 6081212 53
100 6082580 53
100 6083932 53
100 6085292 53
100 6086652 55
100 6088012 55
100 6089380 55
100 6090732 55
100 6092092 55
100 6093452 55
100 6094812 55
100 6096172 55
100 6097532 55
100 6098892 55
100 6100252 57
100 6101612 57
100 6102996 57
100 6104332 57
100 6105692 57
100 6107052 57
100 6108412 57
100 6109772 57
100 6111132 57
100 6112492 57
100 6113852 57
100 6115212 60
100 6116572 60
100 6117940 60
100 6119292 60
100 6120652 60
100 6122012 60
100 6123372 60
100 6124732 60
100 6126124 60
100 6127452 62
100 6128812 62
100 6130172 62
100 6131532 62
100 6132892 62
100 6134252 62
100 6135612 62
100 6136972 62
100 6138332 62
100 6139692 62
100 6141052 62
100 6142412 65
100 6143772 65
100 6145132 65
100 6146492 65
100 6147852 65
100 6149212 65
100 6150572 65
100 6151932 65
100 6153292 65
100 6154652 68
100 6156012 68
100 6157372 68
100 6158732 68
100 6160092 68
100 6161452 68
100 6162812 68
100 6164172 68
100 6165540 68
100 6166892 68
100 6168252 68
100 6169620 70
100 6170972 70
100 6172332 70
100 6173692 70
100 6175052 70
100 6176412 70
100 6177772 70
100 6179132 70
100 6180492 70
100 6181852 71
100 6183212 71
100 6184604 71
100 6185932 71
100 6187292 71
100 6188652 71
100 6190012 71
100 6191372 71
100 6192732 71
100 6194092 71
100 6195452 71
100 6196812 72
100 6198172 72
100 6199536 72
100 6200892 72
100 6202252 72
100 6203612 72
100 6204972 72
100 6206332 72
100 6207692 72
100 6209052 73
100 6210412 73
100 6211772 73
100 6213132 73
100 6214492 73
100 6215852 73
100 6217212 73
100 6218572 73
100 6219932 73
100 6221292 73
100 6222652 73
100 6224012 73
100 6225372 73
100 6226732 73
100 6228092 73
100 6229452 73
100 6230812 73
100 6232180 73
100 6233532 73
100 6234892 73
100 6236252 73
100 6237612 73
100 6238972 73
100 6240332 73
100 6241692 73
100 6243052 73
100 6244412 73
100 6245772 73
100 6247132 73
100 6248492 73
100 6249852 73
100 6251212 73
100 6252580 73
100 6253932 73
100 6255292 73
100 6256660 73
100 6258012 73
100 6259372 73
100 6260732 73
100 6262092 73
100 6263452 73
100 6264812 73
100 6266204 73
100 6267532 73
100 6268892 73
100 6270252 73
100 6271612 73
100 6272972 73
100 6274332 73
100 6275692 73
100 6277052 73
100 6278412 73
100 6279772 73
100 6281132 73
100 6282500 73
100 6283852 73
100 6285212 73
100 6286572 73
100 6287932 73
100 6289292 73
100 6290652 73
100 6292012 73
100 6293372 73
100 6294732 73
100 6296092 73
100 6297452 73
100 6298812 73
100 6300172 73
100 6301532 73
100 6302892 73
100 6304252 73
100 6305612 73
100 6306972 73
100 6308340 73
100 6309692 73
100 6311052 73
100 6312412 73
100 6313772 73
100 6315132 73
100 6316492 73
100 6317852 73
100 6319212 73
100 6320580 73
100 6321940 73
100 6323292 73
100 6324660 73
100 6326012 73
100 6327372 73
100 6328732 73
100 6330092 73
100 6331452 73
100 6332812 73
100 6334172 73
100 6335536 73
100 6336892 73
100 6338252 73
100 6339624 73
100 6340972 73
100 6342332 73
100 6343700 73
100 6345052 73
100 6346420 73
100 6347772 73
100 6349132 73
100 6350492 73
100 6351852 73
100 6353212 73
100 6354572 73
100 6355932 73
100 6357292 73
100 6358652 73
100 6360012 73
100 6361372 73
100 6362732 73
100 6364096 73
100 6365452 73
100 6366812 73
100 6368172 73
100 6369532 73
100 6370892 73
100 6372252 73
100 6373612 73
100 6374972 73
100 6376332 73
100 6377692 73
100 6379052 73
100 6380412 73
100 6381772 73
100 6383132 73
100 6384492 73
100 6385852 73
100 6387212 73
100 6388572 73
100 6389932 73
100 6391292 73
100 6392652 73
100 6394012 73
100 6395372 73
100 6396732 73
100 6398092 73
100 6399452 73
100 6400812 73
100 6402172 73
100 6403532 73
100 6404892 73
100 6406252 73
100 6407612 73
100 6408980 73
100 6410332 73
100 6411692 73
100 6413068 73
100 6414412 73
100 6415772 73
100 6417132 73
100 6418492 73
100 6419852 73
100 6421212 73
100 6422572 73
100 6423932 73
100 6425292 73
100 6426664 73
100 6428012 73
100 6429372 73
100 6430740 73
100 6432092 73
100 6433452 73
100 6434812 73
100 6436172 73
100 6437532 73
100 6438892 73
100 6440252 73
100 6441612 73
100 6442972 73
100 6444332 73
100 6445692 73
100 6447052 73
100 6448412 73
100 6449772 73
100 6451132 73
100 6452492 73
100 6453852 73
100 6455212 73
100 6456572 73
100 6457932 73
100 6459292 73
100 6460660 73
100 6462012 73
100 6463372 73
100 6464732 73
100 6466092 73
100 6467452 73
100 6468812 73
100 6470172 73
100 6471532 73
100 6472892 73
100 6474260 73
100 6475612 73
100 6476972 73
100 6478332 73
100 6479692 73
100 6481052 73
100 6482412 73
100 6483772 73
100 6485132 73
100 6486492 73
100 6487852 73
100 6489232 73
100 6490580 73
100 6491932 73
100 6493292 73
100 6494652 73
100 6496012 73
100 6497372 73
100 6498732 73
100 6500092 73
100 6501452 73
100 6502812 73
100 6504172 73
100 6505532 73
100 6506892 73
100 6508256 73
100 6509612 73
100 6510972 73
100 6512332 73
100 6513700 73
100 6515052 73
100 6516412 73
100 6517780 73
100 6519140 73
100 6520492 73
100 6521852 73
100 6523212 73
100 6524572 73
100 6525932 73
100 6527292 73
100 6528652 73
100 6530012 73
100 6531372 73
100 6532732 73
100 6534092 73
100 6535452 73
100 6536812 73
100 6538172 73
100 6539532 73
100 6540892 73
100 6542252 73
100 6543612 73
100 6544972 73
100 6546332 73
100 6547692 73
100 6549052 73
100 6550412 73
100 6551780 73
100 6553132 73
100 6554492 73
100 6555852 73
100 6557212 73
100 6558572 73
100 6559932 73
100 6561292 73
100 6562652 73
100 6564012 73
100 6565372 73
100 6566732 73
100 6568092 73
100 6569452 73
100 6570812 73
100 6572172 73
100 6573532 73
100 6574892 73
100 6576252 73
100 6577612 73
100 6578972 73
100 6580332 73
100 6581692 73
100 6583052 73
100 6584412 73
100 6585772 73
100 6587132 73
100 6588492 73
100 6589852 73
100 6591212 73
100 6592572 73
100 6593932 73
100 6595292 73
100 6596652 73
100 6598012 73
100 6599372 73
100 6600740 73
100 6602092 73
100 6603452 73
100 6604820 73
100 6606172 73
100 6607532 73
100 6608892 73
100 6610252 73
100 6611612 73
100 6612972 73
100 6614332 73
100 6615692 73
100 6617052 73
100 6618412 73
100 6619772 73
100 6621132 73
100 6622492 73
100 6623852 73
100 6625212 73
100 6626572 73
100 6627932 73
100 6629292 73
100 6630652 73
100 6632012 73
100 6633372 73
100 6634732 73
100 6636092 73
100 6637452 73
100 6638812 73
100 6640172 73
100 6641532 73
100 6642892 73
100 6644252 73
100 6645612 73
100 6646972 73
100 6648332 73
100 6649692 73
100 6651052 73
100 6652412 73
100 6653772 73
100 6655132 73
100 6656492 73
100 6657852 73
100 6659212 73
100 6660572 73
100 6661932 73
100 6663292 73
100 6664652 73
100 6666012 73
100 6667372 73
100 6668732 73
100 6670092 73
100 6671452 73
100 6672812 73
100 6674172 73
100 6675532 73
100 6676892 73
100 6678252 73
100 6679612 73
100 6680972 73
100 6682332 73
100 6683692 73
100 6685052 73
100 6686412 73
100 6687808 73
100 6689132 73
100 6690492 73
100 6691860 73
100 6693212 73
100 6694572 73
100 6695932 73
100 6697292 73
100 6698652 73
100 6700012 73
100 6701372 73
100 6702732 73
100 6704092 73
100 6705452 73
100 6706812 73
100 6708172 73
100 6709532 73
100 6710892 73
100 6712252 73
100 6713612 73
100 6714972 73
100 6716332 73
100 6717692 73
100 6719052 73
100 6720412 73
100 6721772 73
100 6723132 73
100 6724492 73
100 6725852 73
100 6727212 73
100 6728572 73
100 6729932 73
100 6731292 73
100 6732652 73
100 6734012 73
100 6735372 73
100 6736732 73
100 6738092 73
100 6739452 73
100 6740812 73
100 6742172 73
100 6743532 73
100 6744892 73
100 6746252 73
100 6747612 73
100 6748972 73
100 6750332 73
100 6751692 73
100 6753052 73
100 6754412 73
100 6755772 73
100 6757132 73
100 6758492 73
100 6759852 73
100 6761212 73
100 6762572 73
100 6763932 73
100 6765292 73
100 6766652 73
100 6768012 73
100 6769372 73
100 6770732 73
100 6772092 73
100 6773452 73
100 6774820 73
100 6776172 73
100 6777532 73
100 6778900 73
100 6780252 73
100 6781612 73
100 6782972 73
100 6784332 73
100 6785692 73
100 6787052 73
100 6788412 73
100 6789772 73
100 6791132 73
100 6792492 73
100 6793852 73
100 6795212 73
100 6796572 73
100 6797932 73
100 6799292 73
100 6800652 73
100 6802012 73
100 6803372 73
100 6804764 73
100 6806092 73
100 6807452 73
100 6808812 73
100 6810172 73
100 6811532 73
100 6812892 73
100 6814252 73
100 6815612 73
100 6816972 73
100 6818332 73
100 6819692 73
100 6821052 73
100 6822412 73
100 6823780 73
100 6825132 73
100 6826492 73
100 6827856 73
100 6829212 73
100 6830572 73
100 6831932 73
100 6833292 73
100 6834652 73
100 6836012 73
100 6837372 73
100 6838732 73
100 6840092 73
100 6841452 73
100 6842812 73
100 6844172 73
100 6845532 73
100 6846908 73
100 6848252 73
100 6849612 73
100 6850972 73
100 6852332 73
100 6853692 73
100 6855052 73
100 6856412 73
100 6857772 73
100 6859132 73
100 6860492 73
100 6861860 73
100 6863228 73
100 6864572 73
100 6865940 73
100 6867300 73
100 6868652 73
100 6870012 73
100 6871372 73
100 6872732 73
100 6874092 73
100 6875452 73
100 6876812 73
100 6878172 73
100 6879532 73
100 6880900 73
100 6882252 73
100 6883612 73
100 6884972 73
100 6886364 73
100 6887692 73
100 6889052 73
100 6890412 73
100 6891772 73
100 6893132 73
100 6894492 73
100 6895852 73
100 6897212 73
100 6898572 73
100 6899932 73
100 6901292 73
100 6902652 73
100 6904012 73
100 6905372 73
100 6906732 73
100 6908092 73
100 6909452 73
100 6910812 73
100 6912172 73
100 6913532 73
100 6914892 73
100 6916252 73
100 6917612 73
100 6918972 73
100 6920332 73
100 6921692 73
100 6923052 73
100 6924412 73
100 6925772 73
100 6927132 73
100 6928492 73
100 6929852 73
100 6931220 73
100 6932572 73
100 6933932 73
100 6935292 73
100 6936652 73
100 6938012 73
100 6939372 73
100 6940732 73
100 6942092 73
100 6943452 73
100 6944840 73
100 6946172 73
100 6947532 73
100 6948900 73
100 6950252 73
100 6951612 73
100 6952980 73
100 6954332 73
100 6955692 73
100 6957052 73
100 6958412 73
100 6959772 73
100 6961132 73
100 6962492 73
100 6963852 73
100 6965212 73
100 6966572 73
100 6967932 73
100 6969292 73
100 6970652 73
100 6972012 73
100 6973372 73
100 6974732 73
100 6976092 73
100 6977452 73
100 6978812 73
100 6980172 73
100 6981532 73
100 6982892 73
100 6984252 73
100 6985612 73
100 6986972 73
100 6988332 73
100 6989692 73
100 6991052 73
100 6992412 73
100 6993772 73
100 6995132 73
100 6996492 73
100 6997852 73
100 6999212 73
100 7000572 73
100 7001932 73
100 7003292 73
100 7004656 73
100 7006012 73
100 7007372 73
100 7008732 73
100 7010092 73
100 7011452 73
100 7012812 73
100 7014172 73
100 7015536 73
100 7016892 73
100 7018252 73
100 7019612 73
100 7020972 73
100 7022332 73
100 7023692 74
100 7025052 74
100 7026416 74
100 7027772 74
100 7029132 74
100 7030492 74
100 7031852 74
100 7033212 74
100 7034572 74
100 7035940 74
100 7037292 74
100 7038652 74
100 7040020 74
100 7041372 74
100 7042732 74
100 7044092 74
100 7045452 74
100 7046812 74
100 7048172 74
100 7049532 74
100 7050892 74
100 7052252 74
100 7053612 74
100 7054980 74
100 7056332 74
100 7057692 74
100 7059052 74
100 7060412 74
100 7061772 74
100 7063132 74
100 7064492 74
100 7065852 74
100 7067212 74
100 7068572 74
100 7069932 74
100 7071292 74
100 7072652 74
100 7074012 74
100 7075372 74
100 7076732 74
100 7078092 74
100 7079452 74
100 7080812 74
100 7082172 74
100 7083540 74
100 7084892 74
100 7086252 74
100 7087620 74
100 7088972 74
100 7090332 74
100 7091692 74
100 7093052 74
100 7094412 74
100 7095772 74
100 7097132 74
100 7098492 74
100 7099852 74
100 7101212 74
100 7102572 74
100 7103932 74
100 7105292 74
100 7106652 74
100 7108012 74
100 7109396 74
100 7110732 74
100 7112092 74
100 7113452 74
100 7114812 74
100 7116172 74
100 7117532 74
100 7118892 74
100 7120252 74
100 7121612 74
100 7122980 74
100 7124332 74
100 7125692 74
100 7127060 74
100 7128412 74
100 7129772 74
100 7131132 74
100 7132492 74
100 7133852 74
100 7135212 74
100 7136572 74
100 7137932 74
100 7139292 74
100 7140652 74
100 7142012 74
100 7143372 74
100 7144732 74
100 7146092 74
100 7147452 74
100 7148812 74
100 7150172 74
100 7151532 74
100 7152892 74
100 7154252 74
100 7155612 74
100 7156972 74
100 7158332 74
100 7159692 74
100 7161052 74
100 7162412 74
100 7163772 74
100 7165132 74
100 7166492 74
100 7167852 74
100 7169212 74
100 7170572 74
100 7171936 74
100 7173292 74
100 7174652 74
100 7176012 74
100 7177372 74
100 7178732 74
100 7180092 74
100 7181452 74
100 7182812 74
100 7184172 74
100 7185532 74
100 7186892 74
100 7188252 74
100 7189620 74
100 7190972 74
100 7192332 74
100 7193692 74
100 7195052 74
100 7196412 74
100 7197772 74
100 7199132 74
100 7200492 74
100 7201852 74
100 7203212 74
100 7204572 74
100 7205932 74
100 7207292 74
100 7208652 74
100 7210020 74
100 7211372 74
100 7212732 74
100 7214100 74
100 7215452 74
100 7216812 74
100 7218172 74
100 7219532 74
100 7220892 74
100 7222252 74
100 7223612 74
100 7224972 74
100 7226332 74
100 7227692 74
100 7229052 74
100 7230416 74
100 7231772 74
100 7233132 74
100 7234492 74
100 7235852 74
100 7237212 74
100 7238572 74
100 7239932 74
100 7241300 74
100 7242656 74
100 7244012 74
100 7245372 74
100 7246732 74
100 7248092 74
100 7249456 74
100 7250812 74
100 7252172 74
100 7253532 74
100 7254896 74
100 7256252 74
100 7257612 74
100 7258972 74
100 7260332 74
100 7261692 74
100 7263052 74
100 7264412 74
100 7265772 74
100 7267132 74
100 7268492 74
100 7269852 74
100 7271212 74
100 7272572 74
100 7273932 74
100 7275292 74
100 7276652 74
100 7278012 74
100 7279372 74
100 7280732 74
100 7282092 74
100 7283452 74
100 7284812 74
100 7286172 74
100 7287532 74
100 7288892 74
100 7290252 74
100 7291612 74
100 7292972 74
100 7294332 74
100 7295692 74
100 7297060 74
100 7298412 74
100 7299772 74
100 7301140 74
100 7302492 74
100 7303852 74
100 7305224 74
100 7306572 74
100 7307964 74
100 7309292 74
100 7310652 74
100 7312012 74
100 7313372 74
100 7314732 74
100 7316092 74
100 7317452 74
100 7318812 74
100 7320172 74
100 7321532 74
100 7322900 74
100 7324252 74
100 7325612 74
100 7326972 74
100 7328332 74
100 7329692 74
100 7331052 74
100 7332412 74
100 7333772 74
100 7335132 74
100 7336492 74
100 7337852 74
100 7339212 74
100 7340572 74
100 7341932 74
100 7343292 74
100 7344652 74
100 7346012 74
100 7347380 74
100 7348732 74
100 7350092 74
100 7351452 74
100 7352812 74
100 7354172 74
100 7355532 74
100 7356892 74
100 7358252 74
100 7359612 74
100 7360972 74
100 7362332 74
100 7363692 74
100 7365052 74
100 7366412 74
100 7367772 74
100 7369132 74
100 7370492 74
100 7371852 74
100 7373220 74
100 7374572 74
100 7375932 74
100 7377292 74
100 7378652 74
100 7380012 74
100 7381372 74
100 7382732 74
100 7384100 74
100 7385452 74
100 7386812 74
100 7388180 74
100 7389532 74
100 7390900 74
100 7392252 74
100 7393612 74
100 7394972 74
100 7396332 74
100 7397692 74
100 7399052 74
100 7400412 74
100 7401772 74
100 7403132 74
100 7404492 74
100 7405852 74
100 7407220 74
100 7408572 74
100 7409932 74
100 7411292 74
100 7412652 74
100 7414012 74
100 7415372 74
100 7416732 74
100 7418092 74
100 7419452 74
100 7420812 74
100 7422172 74
100 7423532 74
100 7424892 74
100 7426252 74
100 7427612 74
100 7428972 74
100 7430332 74
100 7431692 74
100 7433052 74
100 7434412 74
100 7435772 74
100 7437132 74
100 7438492 74
100 7439852 74
100 7441212 74
100 7442572 74
100 7443932 74
100 7445292 74
100 7446652 74
100 7448040 74
100 7449372 74
100 7450732 74
100 7452092 74
100 7453452 74
100 7454812 74
100 7456172 74
100 7457532 74
100 7458892 74
100 7460252 74
100 7461612 74
100 7462972 74
100 7464332 74
100 7465692 74
100 7467052 74
100 7468412 74
100 7469772 74
100 7471140 74
100 7472492 74
100 7473852 74
100 7475220 74
100 7476572 74
100 7477932 74
100 7479292 74
100 7480652 74
100 7482012 74
100 7483408 74
100 7484732 74
100 7486092 74
100 7487452 74
100 7488812 74
100 7490172 74
100 7491532 74
100 7492892 74
100 7494252 74
100 7495612 74
100 7496972 74
100 7498332 74
100 7499692 74
100 7501052 74
100 7502412 74
100 7503772 74
100 7505132 74
100 7506492 74
100 7507852 74
100 7509212 74
100 7510572 74
100 7511932 74
100 7513292 74
100 7514652 74
100 7516012 74
100 7517372 74
100 7518732 74
100 7520092 74
100 7521452 74
100 7522812 74
100 7524172 74
100 7525532 74
100 7526892 74
100 7528252 74
100 7529612 74
100 7530972 74
100 7532332 74
100 7533692 74
100 7535052 74
100 7536412 74
100 7537772 74
100 7539132 74
100 7540492 74
100 7541852 74
100 7543212 74
100 7544572 74
100 7545932 74
100 7547292 74
100 7548652 74
100 7550012 74
100 7551372 74
100 7552732 74
100 7554092 74
100 7555452 74
100 7556812 74
100 7558180 74
100 7559532 74
100 7560892 74
100 7562260 74
100 7563612 74
100 7565004 74
100 7566332 74
100 7567692 74
100 7569052 74
100 7570412 74
100 7571772 74
100 7573132 74
100 7574492 74
100 7575852 74
100 7577212 74
100 7578572 74
100 7579932 74
100 7581292 74
100 7582652 74
100 7584012 74
100 7585372 74
100 7586732 74
100 7588092 74
100 7589452 74
100 7590812 74
100 7592172 74
100 7593532 74
100 7594892 74
100 7596252 74
100 7597612 74
100 7598972 74
100 7600332 74
100 7601692 74
100 7603052 74
100 7604412 74
100 7605772 74
100 7607132 74
100 7608492 74
100 7609852 74
100 7611212 74
100 7612572 74
100 7613932 74
100 7615292 74
100 7616652 74
100 7618012 74
100 7619372 74
100 7620732 74
100 7622092 74
100 7623456 74
100 7624812 74
100 7626172 74
100 7627532 74
100 7628892 74
100 7630252 74
100 7631612 74
100 7632972 74
100 7634332 74
100 7635692 74
100 7637052 74
100 7638412 74
100 7639772 74
100 7641132 74
100 7642492 74
100 7643852 74
100 7645220 74
100 7646600 74
100 7647940 74
100 7649300 74
100 7650652 74
100 7652012 74
100 7653372 74
100 7654732 74
100 7656092 74
100 7657452 74
100 7658812 74
100 7660172 74
100 7661532 74
100 7662892 74
100 7664252 74
100 7665612 74
100 7666972 74
100 7668332 74
100 7669692 74
100 7671052 74
100 7672412 74
100 7673772 74
100 7675132 74
100 7676492 74
100 7677852 74
100 7679212 74
100 7680572 74
100 7681932 74
100 7683292 74
100 7684652 74
100 7686012 74
100 7687372 74
100 7688732 74
100 7690092 74
100 7691452 74
100 7692812 74
100 7694172 74
100 7695532 74
100 7696892 74
100 7698252 74
100 7699612 74
100 7700972 74
100 7702332 74
100 7703692 74
100 7705064 74
100 7706412 74
100 7707772 74
100 7709132 74
100 7710492 74
100 7711852 74
100 7713212 74
100 7714572 74
100 7715932 74
100 7717292 74
100 7718652 74
100 7720012 74
100 7721372 74
100 7722732 74
100 7724092 74
100 7725460 74
100 7726812 74
100 7728172 74
100 7729532 74
100 7730892 74
100 7732260 74
100 7733612 74
100 7734988 74
100 7736340 74
100 7737692 74
100 7739052 74
100 7740412 74
100 7741780 74
100 7743132 74
100 7744492 74
100 7745852 74
100 7747212 74
100 7748572 74
100 7749932 74
100 7751292 74
100 7752652 74
100 7754012 74
100 7755372 74
100 7756732 74
100 7758092 74
100 7759452 74
100 7760812 74
100 7762172 74
100 7763532 74
100 7764892 74
100 7766252 74
100 7767612 74
100 7768972 74
100 7770332 74
100 7771692 74
100 7773052 74
100 7774412 74
100 7775772 74
100 7777132 74
100 7778492 74
100 7779852 74
100 7781212 74
100 7782572 74
100 7783932 74
100 7785292 74
100 7786652 74
100 7788012 74
100 7789372 74
100 7790732 74
100 7792092 74
100 7793452 74
100 7794812 74
100 7796172 74
100 7797532 74
100 7798892 74
100 7800252 74
100 7801612 74
100 7802972 74
100 7804332 74
100 7805692 74
100 7807052 74
100 7808412 74
100 7809772 74
100 7811132 74
100 7812492 74
100 7813852 74
100 7815212 74
100 7816572 74
100 7817932 74
100 7819300 74
100 7820652 74
100 7822012 74
100 7823380 74
100 7824740 74
100 7826092 74
100 7827452 74
100 7828812 74
100 7830172 74
100 7831536 74
100 7832892 74
100 7834252 74
100 7835612 74
100 7836972 74
100 7838332 74
100 7839692 74
100 7841052 74
100 7842412 74
100 7843772 74
100 7845132 74
100 7846492 74
100 7847852 74
100 7849212 74
100 7850572 74
100 7851932 74
100 7853292 74
100 7854652 74
100 7856012 74
100 7857372 74
100 7858732 74
100 7860092 74
100 7861452 74
100 7862812 74
100 7864172 74
100 7865532 74
100 7866892 74
100 7868252 74
100 7869636 74
100 7870972 74
100 7872332 74
100 7873692 74
100 7875052 74
100 7876412 74
100 7877772 74
100 7879132 74
100 7880492 74
100 7881852 74
100 7883212 74
100 7884572 74
100 7885932 74
100 7887292 74
100 7888652 74
100 7890012 74
100 7891372 74
100 7892732 74
100 7894092 74
100 7895452 74
100 7896812 74
100 7898172 74
100 7899532 74
100 7900892 74
100 7902252 74
100 7903612 74
100 7904972 74
100 7906340 74
100 7907692 74
100 7909068 74
100 7910420 74
100 7911772 74
100 7913132 74
100 7914504 74
100 7915852 74
100 7917212 74
100 7918572 74
100 7919932 74
100 7921292 74
100 7922652 74
100 7924012 74
100 7925372 74
100 7926740 74
100 7928092 74
100 7929452 74
100 7930812 74
100 7932172 74
100 7933532 74
100 7934892 74
100 7936252 74
100 7937612 74
100 7938972 74
100 7940332 74
100 7941692 74
100 7943052 74
100 7944412 74
100 7945772 74
100 7947132 74
100 7948492 74
100 7949852 74
100 7951212 74
100 7952572 74
100 7953932 74
100 7955292 74
100 7956652 74
100 7958012 74
100 7959372 74
100 7960732 74
100 7962092 74
100 7963452 74
100 7964812 74
100 7966172 74
100 7967532 74
100 7968892 74
100 7970252 74
100 7971612 74
100 7972980 74
100 7974332 74
100 7975692 74
100 7977052 74
100 7978412 74
100 7979772 74
100 7981132 74
100 7982492 74
100 7983852 74
100 7985212 74
100 7986572 74
100 7987932 74
100 7989292 74
100 7990652 74
100 7992012 74
100 7993380 74
100 7994732 74
100 7996092 74
100 7997464 74
100 7998812 74
100 8000172 74
100 8001532 74
100 8002892 74
100 8004252 74
100 8005612 74
100 8006972 74
100 8008332 74
100 8009692 74
100 8011052 74
100 8012412 74
100 8013772 74
100 8015132 74
100 8016492 74
100 8017856 74
100 8019212 74
100 8020572 74
100 8021932 74
100 8023292 74
100 8024652 74
100 8026012 74
100 8027372 74
100 8028732 74
100 8030092 74
100 8031452 74
100 8032812 74
100 8034172 74
100 8035532 74
100 8036892 74
100 8038252 74
100 8039620 74
100 8040972 74
100 8042332 74
100 8043692 74
100 8045052 74
100 8046412 74
100 8047772 74
100 8049132 74
100 8050492 74
100 8051852 74
100 8053212 74
100 8054572 74
100 8055932 74
100 8057296 74
100 8058652 74
100 8060012 74
100 8061372 74
100 8062732 74
100 8064092 74
100 8065452 74
100 8066812 74
100 8068204 74
100 8069532 74
100 8070892 74
100 8072252 74
100 8073612 74
100 8074972 74
100 8076332 74
100 8077692 74
100 8079052 74
100 8080420 74
100 8081772 74
100 8083132 74
100 8084500 74
100 8085852 74
100 8087212 74
100 8088572 74
100 8089932 74
100 8091292 74
100 8092652 74
100 8094012 74
100 8095372 74
100 8096732 74
100 8098092 74
100 8099452 74
100 8100812 74
100 8102172 74
100 8103532 74
100 8104892 74
100 8106252 74
100 8107612 74
100 8108972 74
100 8110332 74
100 8111692 74
100 8113060 74
100 8114412 74
100 8115772 74
100 8117132 74
100 8118492 74
100 8119852 74
100 8121212 74
100 8122572 74
100 8123932 74
100 8125292 74
100 8126652 74
100 8128012 74
100 8129372 74
100 8130740 74
100 8132092 74
100 8133452 74
100 8134812 74
100 8136172 74
100 8137532 74
100 8138892 74
100 8140252 74
100 8141612 74
100 8142972 74
100 8144332 74
100 8145692 74
100 8147052 74
100 8148416 74
100 8149772 74
100 8151132 74
100 8152492 74
100 8153852 74
100 8155212 74
100 8156572 74
100 8157932 74
100 8159300 74
100 8160652 74
100 8162012 74
100 8163372 74
100 8164732 74
100 8166092 74
100 8167460 74
100 8168812 74
100 8170172 74
100 8171540 74
100 8172892 74
100 8174252 74
100 8175612 74
100 8176972 74
100 8178332 74
100 8179692 74
100 8181052 74
100 8182412 74
100 8183772 74
100 8185132 74
100 8186492 74
100 8187852 74
100 8189212 74
100 8190572 74
100 8191932 74
100 8193292 74
100 8194652 74
100 8196012 74
100 8197372 74
100 8198732 74
100 8200092 74
100 8201452 74
100 8202812 74
100 8204172 74
100 8205532 74
100 8206892 74
100 8208264 74
100 8209612 74
100 8210972 74
100 8212332 74
100 8213692 74
100 8215052 74
100 8216412 74
100 8217772 74
100 8219132 74
100 8220492 74
100 8221852 74
100 8223212 74
100 8224572 74
100 8225932 74
100 8227292 74
100 8228652 74
100 8230012 74
100 8231388 74
100 8232732 74
100 8234092 74
100 8235452 74
100 8236812 74
100 8238172 74
100 8239532 74
100 8240892 74
100 8242252 74
100 8243636 74
100 8244972 74
100 8246332 74
100 8247692 74
100 8249052 74
100 8250412 74
100 8251772 74
100 8253132 74
100 8254500 74
100 8255852 74
100 8257212 74
100 8258580 74
100 8259932 74
100 8261292 74
100 8262652 74
100 8264012 74
100 8265372 74
100 8266768 74
100 8268092 74
100 8269452 74
100 8270812 74
100 8272172 74
100 8273532 74
100 8274892 74
100 8276252 74
100 8277612 74
100 8278980 74
100 8280332 74
100 8281692 74
100 8283052 74
100 8284412 74
100 8285772 74
100 8287132 74
100 8288492 74
100 8289852 74
100 8291212 74
100 8292572 74
100 8293932 74
100 8295292 74
100 8296652 74
100 8298012 74
100 8299372 74
100 8300732 74
100 8302100 74
100 8303452 74
100 8304812 74
100 8306172 74
100 8307532 74
100 8308892 74
100 8310252 74
100 8311612 74
100 8312972 74
100 8314332 74
100 8315692 74
100 8317052 74
100 8318412 74
100 8319772 74
100 8321132 74
100 8322492 74
100 8323852 74
100 8325244 74
100 8326572 74
100 8327932 74
100 8329292 74
100 8330652 74
100 8332012 74
100 8333372 74
100 8334732 74
100 8336092 74
100 8337452 74
100 8338812 74
100 8340172 74
100 8341540 74
100 8342892 74
100 8344252 74
100 8345620 74
100 8346972 74
100 8348332 74
100 8349692 74
100 8351052 74
100 8352412 74
100 8353772 74
100 8355132 74
100 8356492 74
100 8357852 74
100 8359212 74
100 8360572 74
100 8361932 74
100 8363292 74
100 8364652 74
100 8366012 74
100 8367372 74
100 8368732 74
100 8370092 74
100 8371452 74
100 8372812 74
100 8374172 74
100 8375532 74
100 8376892 74
100 8378252 74
100 8379612 74
100 8380972 74
100 8382332 74
100 8383700 74
100 8385052 74
100 8386412 74
100 8387772 74
100 8389132 74
100 8390492 74
100 8391852 74
100 8393212 74
100 8394572 74
100 8395932 74
100 8397292 74
100 8398652 74
100 8400012 74
100 8401372 74
100 8402732 74
100 8404092 74
100 8405452 74
100 8406824 74
100 8408172 74
100 8409532 74
100 8410892 74
100 8412252 74
100 8413612 74
100 8414972 74
100 8416332 74
100 8417692 74
100 8419052 74
100 8420412 74
100 8421772 74
100 8423132 74
100 8424492 74
100 8425852 74
100 8427212 74
100 8428580 74
100 8429932 74
100 8431292 74
100 8432660 74
100 8434012 74
100 8435372 74
100 8436732 74
100 8438092 74
100 8439452 74
100 8440812 74
100 8442172 74
100 8443532 74
100 8444892 74
100 8446252 74
100 8447612 74
100 8448972 74
100 8450332 74
100 8451692 74
100 8453052 74
100 8454412 74
100 8455772 74
100 8457132 74
100 8458492 74
100 8459852 74
100 8461212 74
100 8462572 74
100 8463932 74
100 8465292 74
100 8466652 74
100 8468012 74
100 8469372 74
100 8470732 74
100 8472092 74
100 8473452 74
100 8474812 74
100 8476172 74
100 8477532 74
100 8478892 74
100 8480252 74
100 8481612 74
100 8482972 74
100 8484332 74
100 8485692 74
100 8487052 74
100 8488412 74
100 8489796 74
100 8491132 74
100 8492492 74
100 8493852 74
100 8495212 74
100 8496572 74
100 8497932 74
100 8499292 74
100 8500652 74
100 8502012 74
100 8503372 74
100 8504732 74
100 8506092 74
100 8507452 74
100 8508812 74
100 8510172 74
100 8511532 74
100 8512892 74
100 8514252 74
100 8515620 74
100 8516972 74
100 8518332 74
100 8519700 74
100 8521052 74
100 8522412 74
100 8523772 74
100 8525132 74
100 8526492 74
100 8527852 74
100 8529212 74
100 8530572 74
100 8531932 74
100 8533292 74
100 8534652 74
100 8536012 74
100 8537372 74
100 8538732 74
100 8540092 74
100 8541452 74
100 8542812 74
100 8544172 74
100 8545532 74
100 8546892 74
100 8548252 74
100 8549612 74
100 8550972 74
100 8552332 74
100 8553692 74
100 8555052 74
100 8556412 74
100 8557772 74
100 8559132 74
100 8560492 74
100 8561852 74
100 8563212 74
100 8564572 74
100 8565932 74
100 8567292 74
100 8568652 74
100 8570012 74
100 8571372 74
100 8572732 74
100 8574092 74
100 8575452 74
100 8576812 74
100 8578172 74
100 8579532 74
100 8580892 74
100 8582252 74
100 8583612 74
100 8584972 74
100 8586332 74
100 8587692 74
100 8589052 74
100 8590412 74
100 8591772 74
100 8593132 74
100 8594492 74
100 8595852 74
100 8597212 74
100 8598572 74
100 8599932 74
100 8601292 74
100 8602660 74
100 8604012 74
100 8605372 74
100 8606740 74
100 8608092 74
100 8609452 74
100 8610812 74
100 8612172 74
100 8613532 74
100 8614892 74
100 8616252 74
100 8617612 74
100 8618972 74
100 8620332 74
100 8621692 74
100 8623052 74
100 8624412 74
100 8625772 74
100 8627132 74
100 8628492 74
100 8629860 74
100 8631212 74
100 8632572 74
100 8633932 74
100 8635292 74
100 8636652 74
100 8638012 74
100 8639372 74
100 8640740 74
100 8642092 74
100 8643452 74
100 8644812 74
100 8646172 74
100 8647532 74
100 8648892 74
100 8650252 74
100 8651612 74
100 8652972 74
100 8654332 74
100 8655692 74
100 8657052 74
100 8658412 74
100 8659772 74
100 8661132 74
100 8662492 74
100 8663852 74
100 8665212 74
100 8666572 74
100 8667932 74
100 8669292 74
100 8670652 74
100 8672012 74
100 8673372 74
100 8674732 74
100 8676092 74
100 8677452 74
100 8678812 74
100 8680172 74
100 8681532 74
100 8682892 74
100 8684252 74
100 8685612 74
100 8686972 74
100 8688332 74
100 8689700 74
100 8691060 74
100 8692412 74
100 8693780 74
100 8695132 74
100 8696492 74
100 8697852 74
100 8699212 74
100 8700572 74
100 8701932 74
100 8703292 74
100 8704652 74
100 8706012 74
100 8707372 74
100 8708732 74
100 8710092 74
100 8711452 74
100 8712812 74
100 8714172 74
100 8715532 74
100 8716892 74
100 8718252 74
100 8719612 74
100 8720972 74
100 8722332 74
100 8723700 74
100 8725052 74
100 8726412 74
100 8727772 74
100 8729132 74
100 8730492 74
100 8731852 74
100 8733212 74
100 8734572 74
100 8735932 74
100 8737292 74
100 8738652 74
100 8740012 74
100 8741372 74
100 8742732 74
100 8744092 74
100 8745452 74
100 8746812 74
100 8748172 74
100 8749532 74
100 8750892 74
100 8752252 74
100 8753612 74
100 8754972 74
100 8756332 74
100 8757692 74
100 8759052 74
100 8760412 74
100 8761772 74
100 8763132 74
100 8764492 74
100 8765852 74
100 8767212 74
100 8768572 74
100 8769932 74
100 8771292 74
100 8772652 74
100 8774012 74
100 8775372 74
100 8776740 74
100 8778092 74
100 8779452 74
100 8780820 74
100 8782172 74
100 8783532 74
100 8784892 74
100 8786252 74
100 8787612 74
100 8788972 74
100 8790332 74
100 8791692 74
100 8793052 74
100 8794412 74
100 8795772 74
100 8797132 74
100 8798492 74
100 8799852 74
100 8801212 74
100 8802572 74
100 8803932 74
100 8805292 74
100 8806660 74
100 8808012 74
100 8809372 74
100 8810732 74
100 8812092 74
100 8813452 74
100 8814812 74
100 8816172 74
100 8817532 74
100 8818892 74
100 8820252 74
100 8821612 74
100 8822972 74
100 8824336 74
100 8825692 74
100 8827052 74
100 8828444 74
100 8829772 74
100 8831132 74
100 8832492 74
100 8833852 74
100 8835212 74
100 8836572 74
100 8837932 74
100 8839292 74
100 8840652 74
100 8842012 74
100 8843372 74
100 8844732 74
100 8846092 74
100 8847452 74
100 8848812 74
100 8850172 74
100 8851532 74
100 8852892 74
100 8854252 74
100 8855612 74
100 8856972 74
100 8858332 74
100 8859692 74
100 8861056 74
100 8862412 74
100 8863816 74
100 8865132 74
100 8866492 74
100 8867860 74
100 8869212 74
100 8870572 74
100 8871932 74
100 8873292 74
100 8874652 74
100 8876012 74
100 8877372 74
100 8878736 74
100 8880092 74
100 8881452 74
100 8882812 74
100 8884172 74
100 8885532 74
100 8886892 74
100 8888252 74
100 8889612 74
100 8890972 74
100 8892332 74
100 8893692 74
100 8895052 74
100 8896412 74
100 8897772 74
100 8899132 74
100 8900492 74
100 8901852 74
100 8903212 74
100 8904572 74
100 8905932 74
100 8907292 74
100 8908652 74
100 8910012 74
100 8911372 74
100 8912732 74
100 8914092 74
100 8915452 74
100 8916812 74
100 8918172 74
100 8919532 74
100 8920892 74
100 8922252 74
100 8923612 74
100 8924972 74
100 8926332 74
100 8927692 74
100 8929052 74
100 8930412 74
100 8931772 74
100 8933132 74
100 8934492 74
100 8935852 74
100 8937212 74
100 8938580 74
100 8939932 74
100 8941292 74
100 8942652 74
100 8944012 74
100 8945404 74
100 8946732 74
100 8948092 74
100 8949452 74
100 8950820 74
100 8952172 74
100 8953532 74
100 8954900 74
100 8956256 74
100 8957612 74
100 8958972 74
100 8960340 74
100 8961692 74
100 8963056 74
100 8964412 74
100 8965772 74
100 8967132 74
100 8968492 74
100 8969852 74
100 8971212 74
100 8972572 74
100 8973932 74
100 8975292 74
100 8976652 74
100 8978012 74
100 8979372 74
100 8980736 74
100 8982092 74
100 8983452 74
100 8984812 74
100 8986172 74
